service_id,date,exception_type
3381,20190708,1
3381,20190709,1
3381,20190710,1
3381,20190711,1
3381,20190712,1
3381,20190715,1
3381,20190716,1
3381,20190717,1
3381,20190718,1
3381,20190719,1
3221,20190708,1
3221,20190709,1
3221,20190710,1
3221,20190711,1
3221,20190712,1
3221,20190715,1
3221,20190716,1
3221,20190717,1
3221,20190718,1
3221,20190719,1
410,20190708,1
410,20190709,1
410,20190710,1
410,20190711,1
410,20190712,1
410,20190715,1
410,20190716,1
410,20190717,1
410,20190718,1
410,20190719,1
401_1,20190713,1
401_1,20190720,1
202_5,20190708,1
202_5,20190709,1
202_5,20190710,1
202_5,20190711,1
202_5,20190712,1
202_5,20190715,1
202_5,20190716,1
202_5,20190717,1
202_5,20190718,1
202_5,20190719,1
6_1,20190713,1
6_1,20190720,1
110_3,20190708,1
110_3,20190709,1
110_3,20190710,1
110_3,20190711,1
110_3,20190712,1
110_3,20190715,1
110_3,20190716,1
110_3,20190717,1
110_3,20190718,1
110_3,20190719,1
0606,20190708,1
0606,20190709,1
0606,20190710,1
0606,20190711,1
0606,20190712,1
0606,20190715,1
0606,20190716,1
0606,20190717,1
0606,20190718,1
0606,20190719,1
2062,20190713,1
2062,20190720,1
414,20190708,1
414,20190709,1
414,20190710,1
414,20190711,1
414,20190712,1
414,20190715,1
414,20190716,1
414,20190717,1
414,20190718,1
414,20190719,1
115,20190708,1
115,20190709,1
115,20190710,1
115,20190711,1
115,20190712,1
115,20190715,1
115,20190716,1
115,20190717,1
115,20190718,1
115,20190719,1
516,20190708,1
516,20190709,1
516,20190710,1
516,20190711,1
516,20190712,1
516,20190715,1
516,20190716,1
516,20190717,1
516,20190718,1
516,20190719,1
7_2,20190708,1
7_2,20190709,1
7_2,20190710,1
7_2,20190711,1
7_2,20190712,1
7_2,20190715,1
7_2,20190716,1
7_2,20190717,1
7_2,20190718,1
7_2,20190719,1
18_1,20190713,1
18_1,20190720,1
49,20190708,1
49,20190709,1
49,20190710,1
49,20190711,1
49,20190712,1
49,20190715,1
49,20190716,1
49,20190717,1
49,20190718,1
49,20190719,1
42,20190713,1
42,20190720,1
312,20190708,1
312,20190709,1
312,20190710,1
312,20190711,1
312,20190712,1
312,20190715,1
312,20190716,1
312,20190717,1
312,20190718,1
312,20190719,1
1002,20190713,1
1002,20190720,1
505,20190708,1
505,20190709,1
505,20190710,1
505,20190711,1
505,20190712,1
505,20190715,1
505,20190716,1
505,20190717,1
505,20190718,1
505,20190719,1
2091,20190713,1
2091,20190720,1
21_2,20190708,1
21_2,20190709,1
21_2,20190710,1
21_2,20190711,1
21_2,20190712,1
21_2,20190715,1
21_2,20190716,1
21_2,20190717,1
21_2,20190718,1
21_2,20190719,1
6_2,20190708,1
6_2,20190709,1
6_2,20190710,1
6_2,20190711,1
6_2,20190712,1
6_2,20190715,1
6_2,20190716,1
6_2,20190717,1
6_2,20190718,1
6_2,20190719,1
144,20190708,1
144,20190709,1
144,20190710,1
144,20190711,1
144,20190712,1
144,20190715,1
144,20190716,1
144,20190717,1
144,20190718,1
144,20190719,1
112,20190708,1
112,20190709,1
112,20190710,1
112,20190711,1
112,20190712,1
112,20190715,1
112,20190716,1
112,20190717,1
112,20190718,1
112,20190719,1
603_1,20190713,1
603_1,20190720,1
153,20190708,1
153,20190709,1
153,20190710,1
153,20190711,1
153,20190712,1
153,20190715,1
153,20190716,1
153,20190717,1
153,20190718,1
153,20190719,1
30_2,20190708,1
30_2,20190709,1
30_2,20190710,1
30_2,20190711,1
30_2,20190712,1
30_2,20190715,1
30_2,20190716,1
30_2,20190717,1
30_2,20190718,1
30_2,20190719,1
9_2,20190708,1
9_2,20190709,1
9_2,20190710,1
9_2,20190711,1
9_2,20190712,1
9_2,20190715,1
9_2,20190716,1
9_2,20190717,1
9_2,20190718,1
9_2,20190719,1
40,20190713,1
40,20190720,1
308,20190708,1
308,20190709,1
308,20190710,1
308,20190711,1
308,20190712,1
308,20190715,1
308,20190716,1
308,20190717,1
308,20190718,1
308,20190719,1
147,20190708,1
147,20190709,1
147,20190710,1
147,20190711,1
147,20190712,1
147,20190715,1
147,20190716,1
147,20190717,1
147,20190718,1
147,20190719,1
219,20190708,1
219,20190709,1
219,20190710,1
219,20190711,1
219,20190712,1
219,20190715,1
219,20190716,1
219,20190717,1
219,20190718,1
219,20190719,1
304_1,20190713,1
304_1,20190720,1
102,20190708,1
102,20190709,1
102,20190710,1
102,20190711,1
102,20190712,1
102,20190715,1
102,20190716,1
102,20190717,1
102,20190718,1
102,20190719,1
3021,20190708,1
3021,20190709,1
3021,20190710,1
3021,20190711,1
3021,20190712,1
3021,20190715,1
3021,20190716,1
3021,20190717,1
3021,20190718,1
3021,20190719,1
4_1,20190713,1
4_1,20190720,1
3161,20190708,1
3161,20190709,1
3161,20190710,1
3161,20190711,1
3161,20190712,1
3161,20190715,1
3161,20190716,1
3161,20190717,1
3161,20190718,1
3161,20190719,1
133,20190708,1
133,20190709,1
133,20190710,1
133,20190711,1
133,20190712,1
133,20190715,1
133,20190716,1
133,20190717,1
133,20190718,1
133,20190719,1
2102,20190713,1
2102,20190720,1
2082,20190713,1
2082,20190720,1
1042,20190707,1
1042,20190714,1
3011,20190708,1
3011,20190709,1
3011,20190710,1
3011,20190711,1
3011,20190712,1
3011,20190715,1
3011,20190716,1
3011,20190717,1
3011,20190718,1
3011,20190719,1
3051,20190708,1
3051,20190709,1
3051,20190710,1
3051,20190711,1
3051,20190712,1
3051,20190715,1
3051,20190716,1
3051,20190717,1
3051,20190718,1
3051,20190719,1
1_1,20190713,1
1_1,20190720,1
2021,20190713,1
2021,20190720,1
517,20190708,1
517,20190709,1
517,20190710,1
517,20190711,1
517,20190712,1
517,20190715,1
517,20190716,1
517,20190717,1
517,20190718,1
517,20190719,1
206_1,20190708,1
206_1,20190709,1
206_1,20190710,1
206_1,20190711,1
206_1,20190712,1
206_1,20190715,1
206_1,20190716,1
206_1,20190717,1
206_1,20190718,1
206_1,20190719,1
418,20190708,1
418,20190709,1
418,20190710,1
418,20190711,1
418,20190712,1
418,20190715,1
418,20190716,1
418,20190717,1
418,20190718,1
418,20190719,1
3_1,20190713,1
3_1,20190720,1
305_1,20190713,1
305_1,20190720,1
26_2,20190708,1
26_2,20190709,1
26_2,20190710,1
26_2,20190711,1
26_2,20190712,1
26_2,20190715,1
26_2,20190716,1
26_2,20190717,1
26_2,20190718,1
26_2,20190719,1
302_1,20190713,1
302_1,20190720,1
146,20190708,1
146,20190709,1
146,20190710,1
146,20190711,1
146,20190712,1
146,20190715,1
146,20190716,1
146,20190717,1
146,20190718,1
146,20190719,1
152,20190708,1
152,20190709,1
152,20190710,1
152,20190711,1
152,20190712,1
152,20190715,1
152,20190716,1
152,20190717,1
152,20190718,1
152,20190719,1
3191,20190708,1
3191,20190709,1
3191,20190710,1
3191,20190711,1
3191,20190712,1
3191,20190715,1
3191,20190716,1
3191,20190717,1
3191,20190718,1
3191,20190719,1
1010,20190708,1
1010,20190709,1
1010,20190710,1
1010,20190711,1
1010,20190712,1
1010,20190715,1
1010,20190716,1
1010,20190717,1
1010,20190718,1
1010,20190719,1
112_2,20190707,1
112_2,20190714,1
201_2,20190713,1
201_2,20190720,1
303_1,20190708,1
303_1,20190709,1
303_1,20190710,1
303_1,20190715,1
303_1,20190716,1
303_1,20190717,1
423,20190708,1
423,20190709,1
423,20190710,1
423,20190711,1
423,20190712,1
423,20190715,1
423,20190716,1
423,20190717,1
423,20190718,1
423,20190719,1
508,20190708,1
508,20190709,1
508,20190710,1
508,20190711,1
508,20190712,1
508,20190715,1
508,20190716,1
508,20190717,1
508,20190718,1
508,20190719,1
407_2,20190707,1
407_2,20190714,1
1052,20190707,1
1052,20190714,1
200,20190707,1
200,20190714,1
405,20190708,1
405,20190709,1
405,20190710,1
405,20190711,1
405,20190712,1
405,20190715,1
405,20190716,1
405,20190717,1
405,20190718,1
405,20190719,1
127,20190708,1
127,20190709,1
127,20190710,1
127,20190711,1
127,20190712,1
127,20190715,1
127,20190716,1
127,20190717,1
127,20190718,1
127,20190719,1
101,20190708,1
101,20190709,1
101,20190710,1
101,20190711,1
101,20190712,1
101,20190715,1
101,20190716,1
101,20190717,1
101,20190718,1
101,20190719,1
3101,20190708,1
3101,20190709,1
3101,20190710,1
3101,20190711,1
3101,20190712,1
3101,20190715,1
3101,20190716,1
3101,20190717,1
3101,20190718,1
3101,20190719,1
4101,20190707,1
4101,20190714,1
2092,20190713,1
2092,20190720,1
210_1,20190708,1
210_1,20190709,1
210_1,20190710,1
210_1,20190711,1
210_1,20190712,1
210_1,20190715,1
210_1,20190716,1
210_1,20190717,1
210_1,20190718,1
210_1,20190719,1
23_1,20190713,1
23_1,20190720,1
3211,20190708,1
3211,20190709,1
3211,20190710,1
3211,20190711,1
3211,20190712,1
3211,20190715,1
3211,20190716,1
3211,20190717,1
3211,20190718,1
3211,20190719,1
212,20190708,1
212,20190709,1
212,20190710,1
212,20190711,1
212,20190712,1
212,20190715,1
212,20190716,1
212,20190717,1
212,20190718,1
212,20190719,1
20_2,20190708,1
20_2,20190709,1
20_2,20190710,1
20_2,20190711,1
20_2,20190712,1
20_2,20190715,1
20_2,20190716,1
20_2,20190717,1
20_2,20190718,1
20_2,20190719,1
3072,20190708,1
3072,20190709,1
3072,20190710,1
3072,20190711,1
3072,20190712,1
3072,20190715,1
3072,20190716,1
3072,20190717,1
3072,20190718,1
3072,20190719,1
Rail F-XHol,20190712,1
Rail F-XHol,20190719,1
Rail F-XHol,20190726,1
Rail F-XHol,20190802,1
Rail F-XHol,20190809,1
Rail F-XHol,20190816,1
Rail F-XHol,20190823,1
Rail F-XHol,20190830,1
Rail F-XHol,20190906,1
Rail F-XHol,20190913,1
Rail F-XHol,20190920,1
Rail F-XHol,20190927,1
Rail F-XHol,20191004,1
Rail F-XHol,20191011,1
Rail F-XHol,20191018,1
Rail F-XHol,20191025,1
Rail F-XHol,20191101,1
Rail F-XHol,20191108,1
Rail F-XHol,20191115,1
Rail F-XHol,20191122,1
Rail F-XHol,20191129,1
Rail F-XHol,20191206,1
Rail F-XHol,20191213,1
Rail F-XHol,20191220,1
117,20190708,1
117,20190709,1
117,20190710,1
117,20190711,1
117,20190712,1
117,20190715,1
117,20190716,1
117,20190717,1
117,20190718,1
117,20190719,1
115_3,20190708,1
115_3,20190709,1
115_3,20190710,1
115_3,20190711,1
115_3,20190712,1
115_3,20190715,1
115_3,20190716,1
115_3,20190717,1
115_3,20190718,1
115_3,20190719,1
WHF MTuWThF-XHol,20190708,1
WHF MTuWThF-XHol,20190709,1
WHF MTuWThF-XHol,20190710,1
WHF MTuWThF-XHol,20190711,1
WHF MTuWThF-XHol,20190712,1
WHF MTuWThF-XHol,20190715,1
WHF MTuWThF-XHol,20190716,1
WHF MTuWThF-XHol,20190717,1
WHF MTuWThF-XHol,20190718,1
WHF MTuWThF-XHol,20190719,1
WHF MTuWThF-XHol,20190722,1
WHF MTuWThF-XHol,20190723,1
WHF MTuWThF-XHol,20190724,1
WHF MTuWThF-XHol,20190725,1
WHF MTuWThF-XHol,20190726,1
WHF MTuWThF-XHol,20190729,1
WHF MTuWThF-XHol,20190730,1
WHF MTuWThF-XHol,20190731,1
WHF MTuWThF-XHol,20190801,1
WHF MTuWThF-XHol,20190802,1
WHF MTuWThF-XHol,20190805,1
WHF MTuWThF-XHol,20190806,1
WHF MTuWThF-XHol,20190807,1
WHF MTuWThF-XHol,20190808,1
WHF MTuWThF-XHol,20190809,1
WHF MTuWThF-XHol,20190812,1
WHF MTuWThF-XHol,20190813,1
WHF MTuWThF-XHol,20190814,1
WHF MTuWThF-XHol,20190815,1
WHF MTuWThF-XHol,20190816,1
WHF MTuWThF-XHol,20190819,1
WHF MTuWThF-XHol,20190820,1
WHF MTuWThF-XHol,20190821,1
WHF MTuWThF-XHol,20190822,1
WHF MTuWThF-XHol,20190823,1
WHF MTuWThF-XHol,20190826,1
WHF MTuWThF-XHol,20190827,1
WHF MTuWThF-XHol,20190828,1
WHF MTuWThF-XHol,20190829,1
WHF MTuWThF-XHol,20190830,1
WHF MTuWThF-XHol,20190902,1
WHF MTuWThF-XHol,20190903,1
WHF MTuWThF-XHol,20190904,1
WHF MTuWThF-XHol,20190905,1
WHF MTuWThF-XHol,20190906,1
WHF MTuWThF-XHol,20190909,1
WHF MTuWThF-XHol,20190910,1
WHF MTuWThF-XHol,20190911,1
WHF MTuWThF-XHol,20190912,1
WHF MTuWThF-XHol,20190913,1
WHF MTuWThF-XHol,20190916,1
WHF MTuWThF-XHol,20190917,1
WHF MTuWThF-XHol,20190918,1
WHF MTuWThF-XHol,20190919,1
WHF MTuWThF-XHol,20190920,1
WHF MTuWThF-XHol,20190923,1
WHF MTuWThF-XHol,20190924,1
WHF MTuWThF-XHol,20190925,1
WHF MTuWThF-XHol,20190926,1
WHF MTuWThF-XHol,20190927,1
WHF MTuWThF-XHol,20190930,1
WHF MTuWThF-XHol,20191001,1
WHF MTuWThF-XHol,20191002,1
WHF MTuWThF-XHol,20191003,1
WHF MTuWThF-XHol,20191004,1
WHF MTuWThF-XHol,20191007,1
WHF MTuWThF-XHol,20191008,1
WHF MTuWThF-XHol,20191009,1
WHF MTuWThF-XHol,20191010,1
WHF MTuWThF-XHol,20191011,1
WHF MTuWThF-XHol,20191014,1
WHF MTuWThF-XHol,20191015,1
WHF MTuWThF-XHol,20191016,1
WHF MTuWThF-XHol,20191017,1
WHF MTuWThF-XHol,20191018,1
WHF MTuWThF-XHol,20191021,1
WHF MTuWThF-XHol,20191022,1
WHF MTuWThF-XHol,20191023,1
WHF MTuWThF-XHol,20191024,1
WHF MTuWThF-XHol,20191025,1
WHF MTuWThF-XHol,20191029,1
WHF MTuWThF-XHol,20191030,1
WHF MTuWThF-XHol,20191031,1
WHF MTuWThF-XHol,20191101,1
WHF MTuWThF-XHol,20191104,1
WHF MTuWThF-XHol,20191105,1
WHF MTuWThF-XHol,20191106,1
WHF MTuWThF-XHol,20191107,1
WHF MTuWThF-XHol,20191108,1
WHF MTuWThF-XHol,20191111,1
WHF MTuWThF-XHol,20191112,1
WHF MTuWThF-XHol,20191113,1
WHF MTuWThF-XHol,20191114,1
WHF MTuWThF-XHol,20191115,1
WHF MTuWThF-XHol,20191118,1
WHF MTuWThF-XHol,20191119,1
WHF MTuWThF-XHol,20191120,1
WHF MTuWThF-XHol,20191121,1
WHF MTuWThF-XHol,20191122,1
WHF MTuWThF-XHol,20191125,1
WHF MTuWThF-XHol,20191126,1
WHF MTuWThF-XHol,20191127,1
WHF MTuWThF-XHol,20191128,1
WHF MTuWThF-XHol,20191129,1
WHF MTuWThF-XHol,20191202,1
WHF MTuWThF-XHol,20191203,1
WHF MTuWThF-XHol,20191204,1
WHF MTuWThF-XHol,20191205,1
WHF MTuWThF-XHol,20191206,1
WHF MTuWThF-XHol,20191209,1
WHF MTuWThF-XHol,20191210,1
WHF MTuWThF-XHol,20191211,1
WHF MTuWThF-XHol,20191212,1
WHF MTuWThF-XHol,20191213,1
WHF MTuWThF-XHol,20191216,1
WHF MTuWThF-XHol,20191217,1
WHF MTuWThF-XHol,20191218,1
WHF MTuWThF-XHol,20191219,1
WHF MTuWThF-XHol,20191220,1
WHF MTuWThF-XHol,20191223,1
WHF MTuWThF-XHol,20191224,1
165,20190708,1
165,20190709,1
165,20190710,1
165,20190711,1
165,20190712,1
165,20190715,1
165,20190716,1
165,20190717,1
165,20190718,1
165,20190719,1
43,20190708,1
43,20190709,1
43,20190710,1
43,20190711,1
43,20190712,1
43,20190715,1
43,20190716,1
43,20190717,1
43,20190718,1
43,20190719,1
14,20190707,1
14,20190714,1
38,20190707,1
38,20190714,1
404,20190708,1
404,20190709,1
404,20190710,1
404,20190711,1
404,20190712,1
404,20190715,1
404,20190716,1
404,20190717,1
404,20190718,1
404,20190719,1
3301,20190708,1
3301,20190709,1
3301,20190710,1
3301,20190711,1
3301,20190712,1
3301,20190715,1
3301,20190716,1
3301,20190717,1
3301,20190718,1
3301,20190719,1
1031,20190707,1
1031,20190714,1
113_2,20190707,1
113_2,20190714,1
420_1,20190708,1
420_1,20190709,1
420_1,20190710,1
420_1,20190711,1
420_1,20190715,1
420_1,20190716,1
420_1,20190717,1
420_1,20190718,1
112_1,20190713,1
112_1,20190720,1
47,20190708,1
47,20190709,1
47,20190710,1
47,20190711,1
47,20190712,1
47,20190715,1
47,20190716,1
47,20190717,1
47,20190718,1
47,20190719,1
224,20190708,1
224,20190709,1
224,20190710,1
224,20190711,1
224,20190712,1
224,20190715,1
224,20190716,1
224,20190717,1
224,20190718,1
224,20190719,1
16,20190707,1
16,20190714,1
119,20190708,1
119,20190709,1
119,20190710,1
119,20190711,1
119,20190712,1
119,20190715,1
119,20190716,1
119,20190717,1
119,20190718,1
119,20190719,1
110_1,20190713,1
110_1,20190720,1
3121,20190708,1
3121,20190709,1
3121,20190710,1
3121,20190711,1
3121,20190712,1
3121,20190715,1
3121,20190716,1
3121,20190717,1
3121,20190718,1
3121,20190719,1
109_1,20190713,1
109_1,20190720,1
LastSu,20190728,1
LastSu,20190825,1
LastSu,20190929,1
LastSu,20191027,1
LastSu,20191124,1
LastSu,20191229,1
48,20190708,1
48,20190709,1
48,20190710,1
48,20190711,1
48,20190712,1
48,20190715,1
48,20190716,1
48,20190717,1
48,20190718,1
48,20190719,1
2052,20190713,1
2052,20190720,1
1313,20190709,1
1313,20190711,1
1313,20190712,1
1313,20190716,1
1313,20190718,1
1313,20190719,1
512,20190708,1
512,20190709,1
512,20190710,1
512,20190711,1
512,20190712,1
512,20190715,1
512,20190716,1
512,20190717,1
512,20190718,1
512,20190719,1
611,20190708,1
611,20190709,1
611,20190710,1
611,20190711,1
611,20190712,1
611,20190715,1
611,20190716,1
611,20190717,1
611,20190718,1
611,20190719,1
15_2,20190708,1
15_2,20190709,1
15_2,20190710,1
15_2,20190711,1
15_2,20190712,1
15_2,20190715,1
15_2,20190716,1
15_2,20190717,1
15_2,20190718,1
15_2,20190719,1
314,20190708,1
314,20190709,1
314,20190710,1
314,20190711,1
314,20190712,1
314,20190715,1
314,20190716,1
314,20190717,1
314,20190718,1
314,20190719,1
306_2,20190713,1
306_2,20190720,1
4,20190707,1
4,20190714,1
4103,20190707,1
4103,20190714,1
3172,20190708,1
3172,20190709,1
3172,20190710,1
3172,20190711,1
3172,20190712,1
3172,20190715,1
3172,20190716,1
3172,20190717,1
3172,20190718,1
3172,20190719,1
203,20190707,1
203,20190714,1
508_1,20190713,1
508_1,20190720,1
107_1,20190713,1
107_1,20190720,1
220,20190708,1
220,20190709,1
220,20190710,1
220,20190711,1
220,20190712,1
220,20190715,1
220,20190716,1
220,20190717,1
220,20190718,1
220,20190719,1
57,20190708,1
57,20190709,1
57,20190710,1
57,20190711,1
57,20190712,1
57,20190715,1
57,20190716,1
57,20190717,1
57,20190718,1
57,20190719,1
317_1,20190708,1
317_1,20190709,1
317_1,20190710,1
317_1,20190715,1
317_1,20190716,1
317_1,20190717,1
3141,20190708,1
3141,20190709,1
3141,20190710,1
3141,20190711,1
3141,20190712,1
3141,20190715,1
3141,20190716,1
3141,20190717,1
3141,20190718,1
3141,20190719,1
0686,20190708,1
0686,20190709,1
0686,20190710,1
0686,20190711,1
0686,20190712,1
0686,20190715,1
0686,20190716,1
0686,20190717,1
0686,20190718,1
0686,20190719,1
204_3,20190707,1
204_3,20190714,1
202,20190708,1
202,20190709,1
202,20190710,1
202,20190711,1
202,20190712,1
202,20190715,1
202,20190716,1
202,20190717,1
202,20190718,1
202,20190719,1
105_2,20190707,1
105_2,20190714,1
503_2,20190707,1
503_2,20190714,1
515_1,20190708,1
515_1,20190709,1
515_1,20190710,1
515_1,20190711,1
515_1,20190715,1
515_1,20190716,1
515_1,20190717,1
515_1,20190718,1
19,20190707,1
19,20190714,1
4704,20190713,1
4704,20190720,1
407,20190708,1
407,20190709,1
407,20190710,1
407,20190711,1
407,20190712,1
407,20190715,1
407,20190716,1
407,20190717,1
407,20190718,1
407,20190719,1
103_1,20190713,1
103_1,20190720,1
155,20190708,1
155,20190709,1
155,20190710,1
155,20190711,1
155,20190712,1
155,20190715,1
155,20190716,1
155,20190717,1
155,20190718,1
155,20190719,1
425,20190708,1
425,20190709,1
425,20190710,1
425,20190711,1
425,20190712,1
425,20190715,1
425,20190716,1
425,20190717,1
425,20190718,1
425,20190719,1
2,20190707,1
2,20190714,1
205_1,20190708,1
205_1,20190709,1
205_1,20190710,1
205_1,20190711,1
205_1,20190712,1
205_1,20190715,1
205_1,20190716,1
205_1,20190717,1
205_1,20190718,1
205_1,20190719,1
104_1,20190713,1
104_1,20190720,1
107_2,20190707,1
107_2,20190714,1
501_1,20190713,1
501_1,20190720,1
605_1,20190713,1
605_1,20190720,1
17_2,20190708,1
17_2,20190709,1
17_2,20190710,1
17_2,20190711,1
17_2,20190712,1
17_2,20190715,1
17_2,20190716,1
17_2,20190717,1
17_2,20190718,1
17_2,20190719,1
33_2,20190708,1
33_2,20190709,1
33_2,20190710,1
33_2,20190711,1
33_2,20190712,1
33_2,20190715,1
33_2,20190716,1
33_2,20190717,1
33_2,20190718,1
33_2,20190719,1
3112,20190708,1
3112,20190709,1
3112,20190710,1
3112,20190711,1
3112,20190712,1
3112,20190715,1
3112,20190716,1
3112,20190717,1
3112,20190718,1
3112,20190719,1
205_6,20190708,1
205_6,20190709,1
205_6,20190710,1
205_6,20190711,1
205_6,20190712,1
205_6,20190715,1
205_6,20190716,1
205_6,20190717,1
205_6,20190718,1
205_6,20190719,1
13_2,20190708,1
13_2,20190709,1
13_2,20190710,1
13_2,20190711,1
13_2,20190712,1
13_2,20190715,1
13_2,20190716,1
13_2,20190717,1
13_2,20190718,1
13_2,20190719,1
115_2,20190707,1
115_2,20190714,1
157,20190708,1
157,20190709,1
157,20190710,1
157,20190711,1
157,20190712,1
157,20190715,1
157,20190716,1
157,20190717,1
157,20190718,1
157,20190719,1
201,20190707,1
201,20190714,1
3132,20190708,1
3132,20190709,1
3132,20190710,1
3132,20190711,1
3132,20190712,1
3132,20190715,1
3132,20190716,1
3132,20190717,1
3132,20190718,1
3132,20190719,1
303,20190711,1
303,20190712,1
303,20190718,1
303,20190719,1
26,20190707,1
26,20190714,1
116_2,20190707,1
116_2,20190714,1
225,20190708,1
225,20190709,1
225,20190710,1
225,20190711,1
225,20190712,1
225,20190715,1
225,20190716,1
225,20190717,1
225,20190718,1
225,20190719,1
121,20190708,1
121,20190709,1
121,20190710,1
121,20190711,1
121,20190712,1
121,20190715,1
121,20190716,1
121,20190717,1
121,20190718,1
121,20190719,1
403,20190708,1
403,20190709,1
403,20190710,1
403,20190711,1
403,20190712,1
403,20190715,1
403,20190716,1
403,20190717,1
403,20190718,1
403,20190719,1
31_1,20190713,1
31_1,20190720,1
7,20190707,1
7,20190714,1
18_2,20190708,1
18_2,20190709,1
18_2,20190710,1
18_2,20190711,1
18_2,20190712,1
18_2,20190715,1
18_2,20190716,1
18_2,20190717,1
18_2,20190718,1
18_2,20190719,1
306,20190711,1
306,20190712,1
306,20190718,1
306,20190719,1
34,20190707,1
34,20190714,1
42_1,20190708,1
42_1,20190709,1
42_1,20190710,1
42_1,20190711,1
42_1,20190712,1
42_1,20190715,1
42_1,20190716,1
42_1,20190717,1
42_1,20190718,1
42_1,20190719,1
44,20190708,1
44,20190709,1
44,20190710,1
44,20190711,1
44,20190712,1
44,20190715,1
44,20190716,1
44,20190717,1
44,20190718,1
44,20190719,1
34_2,20190708,1
34_2,20190709,1
34_2,20190710,1
34_2,20190711,1
34_2,20190712,1
34_2,20190715,1
34_2,20190716,1
34_2,20190717,1
34_2,20190718,1
34_2,20190719,1
214,20190708,1
214,20190709,1
214,20190710,1
214,20190711,1
214,20190712,1
214,20190715,1
214,20190716,1
214,20190717,1
214,20190718,1
214,20190719,1
13,20190707,1
13,20190714,1
230,20190708,1
230,20190709,1
230,20190710,1
230,20190711,1
230,20190712,1
230,20190715,1
230,20190716,1
230,20190717,1
230,20190718,1
230,20190719,1
208,20190708,1
208,20190709,1
208,20190710,1
208,20190711,1
208,20190712,1
208,20190715,1
208,20190716,1
208,20190717,1
208,20190718,1
208,20190719,1
216_1,20190708,1
216_1,20190709,1
216_1,20190710,1
216_1,20190711,1
216_1,20190712,1
216_1,20190715,1
216_1,20190716,1
216_1,20190717,1
216_1,20190718,1
216_1,20190719,1
11_2,20190708,1
11_2,20190709,1
11_2,20190710,1
11_2,20190711,1
11_2,20190712,1
11_2,20190715,1
11_2,20190716,1
11_2,20190717,1
11_2,20190718,1
11_2,20190719,1
117_1,20190713,1
117_1,20190720,1
19_2,20190708,1
19_2,20190709,1
19_2,20190710,1
19_2,20190711,1
19_2,20190712,1
19_2,20190715,1
19_2,20190716,1
19_2,20190717,1
19_2,20190718,1
19_2,20190719,1
203_2,20190713,1
203_2,20190720,1
204_6,20190708,1
204_6,20190709,1
204_6,20190710,1
204_6,20190711,1
204_6,20190712,1
204_6,20190715,1
204_6,20190716,1
204_6,20190717,1
204_6,20190718,1
204_6,20190719,1
1292,20190708,1
1292,20190709,1
1292,20190710,1
1292,20190711,1
1292,20190712,1
1292,20190715,1
1292,20190716,1
1292,20190717,1
1292,20190718,1
1292,20190719,1
3181,20190708,1
3181,20190709,1
3181,20190710,1
3181,20190711,1
3181,20190712,1
3181,20190715,1
3181,20190716,1
3181,20190717,1
3181,20190718,1
3181,20190719,1
0282,20190708,1
0282,20190709,1
0282,20190710,1
0282,20190711,1
0282,20190712,1
0282,20190715,1
0282,20190716,1
0282,20190717,1
0282,20190718,1
0282,20190719,1
1393,20190708,1
1393,20190709,1
1393,20190710,1
1393,20190711,1
1393,20190712,1
1393,20190715,1
1393,20190716,1
1393,20190717,1
1393,20190718,1
1393,20190719,1
14_2,20190708,1
14_2,20190709,1
14_2,20190710,1
14_2,20190711,1
14_2,20190712,1
14_2,20190715,1
14_2,20190716,1
14_2,20190717,1
14_2,20190718,1
14_2,20190719,1
154,20190708,1
154,20190709,1
154,20190710,1
154,20190711,1
154,20190712,1
154,20190715,1
154,20190716,1
154,20190717,1
154,20190718,1
154,20190719,1
33,20190707,1
33,20190714,1
702,20190708,1
702,20190709,1
702,20190710,1
702,20190711,1
702,20190712,1
702,20190715,1
702,20190716,1
702,20190717,1
702,20190718,1
702,20190719,1
510,20190708,1
510,20190709,1
510,20190710,1
510,20190711,1
510,20190712,1
510,20190715,1
510,20190716,1
510,20190717,1
510,20190718,1
510,20190719,1
406_2,20190707,1
406_2,20190714,1
3031,20190708,1
3031,20190709,1
3031,20190710,1
3031,20190711,1
3031,20190712,1
3031,20190715,1
3031,20190716,1
3031,20190717,1
3031,20190718,1
3031,20190719,1
507,20190708,1
507,20190709,1
507,20190710,1
507,20190711,1
507,20190712,1
507,20190715,1
507,20190716,1
507,20190717,1
507,20190718,1
507,20190719,1
109,20190708,1
109,20190709,1
109,20190710,1
109,20190711,1
109,20190712,1
109,20190715,1
109,20190716,1
109,20190717,1
109,20190718,1
109,20190719,1
310,20190708,1
310,20190709,1
310,20190710,1
310,20190711,1
310,20190712,1
310,20190715,1
310,20190716,1
310,20190717,1
310,20190718,1
310,20190719,1
150_1,20190708,1
150_1,20190709,1
150_1,20190710,1
150_1,20190711,1
150_1,20190712,1
150_1,20190715,1
150_1,20190716,1
150_1,20190717,1
150_1,20190718,1
150_1,20190719,1
605,20190708,1
605,20190709,1
605,20190710,1
605,20190711,1
605,20190712,1
605,20190715,1
605,20190716,1
605,20190717,1
605,20190718,1
605,20190719,1
29_2,20190708,1
29_2,20190709,1
29_2,20190710,1
29_2,20190711,1
29_2,20190712,1
29_2,20190715,1
29_2,20190716,1
29_2,20190717,1
29_2,20190718,1
29_2,20190719,1
118,20190708,1
118,20190709,1
118,20190710,1
118,20190711,1
118,20190712,1
118,20190715,1
118,20190716,1
118,20190717,1
118,20190718,1
118,20190719,1
318_1,20190707,1
318_1,20190713,1
318_1,20190714,1
318_1,20190720,1
24_2,20190708,1
24_2,20190709,1
24_2,20190710,1
24_2,20190711,1
24_2,20190712,1
24_2,20190715,1
24_2,20190716,1
24_2,20190717,1
24_2,20190718,1
24_2,20190719,1
160,20190708,1
160,20190709,1
160,20190710,1
160,20190711,1
160,20190712,1
160,20190715,1
160,20190716,1
160,20190717,1
160,20190718,1
160,20190719,1
41_1,20190708,1
41_1,20190709,1
41_1,20190710,1
41_1,20190711,1
41_1,20190712,1
41_1,20190715,1
41_1,20190716,1
41_1,20190717,1
41_1,20190718,1
41_1,20190719,1
30_1,20190713,1
30_1,20190720,1
212_1,20190708,1
212_1,20190709,1
212_1,20190710,1
212_1,20190711,1
212_1,20190712,1
212_1,20190715,1
212_1,20190716,1
212_1,20190717,1
212_1,20190718,1
212_1,20190719,1
415_1,20190713,1
415_1,20190720,1
306_3,20190707,1
306_3,20190714,1
3201,20190708,1
3201,20190709,1
3201,20190710,1
3201,20190711,1
3201,20190712,1
3201,20190715,1
3201,20190716,1
3201,20190717,1
3201,20190718,1
3201,20190719,1
3341,20190708,1
3341,20190709,1
3341,20190710,1
3341,20190711,1
3341,20190712,1
3341,20190715,1
3341,20190716,1
3341,20190717,1
3341,20190718,1
3341,20190719,1
28_2,20190708,1
28_2,20190709,1
28_2,20190710,1
28_2,20190711,1
28_2,20190712,1
28_2,20190715,1
28_2,20190716,1
28_2,20190717,1
28_2,20190718,1
28_2,20190719,1
202_1,20190707,1
202_1,20190714,1
309,20190708,1
309,20190709,1
309,20190710,1
309,20190711,1
309,20190712,1
309,20190715,1
309,20190716,1
309,20190717,1
309,20190718,1
309,20190719,1
5_1,20190713,1
5_1,20190720,1
404_1,20190713,1
404_1,20190720,1
1001_2,20190707,1
1001_2,20190714,1
CCL Su+Hol-Xmas,20190707,1
CCL Su+Hol-Xmas,20190714,1
CCL Su+Hol-Xmas,20190721,1
CCL Su+Hol-Xmas,20190728,1
CCL Su+Hol-Xmas,20190804,1
CCL Su+Hol-Xmas,20190811,1
CCL Su+Hol-Xmas,20190818,1
CCL Su+Hol-Xmas,20190825,1
CCL Su+Hol-Xmas,20190901,1
CCL Su+Hol-Xmas,20190908,1
CCL Su+Hol-Xmas,20190915,1
CCL Su+Hol-Xmas,20190922,1
CCL Su+Hol-Xmas,20190929,1
CCL Su+Hol-Xmas,20191006,1
CCL Su+Hol-Xmas,20191013,1
CCL Su+Hol-Xmas,20191020,1
CCL Su+Hol-Xmas,20191027,1
CCL Su+Hol-Xmas,20191028,1
CCL Su+Hol-Xmas,20191103,1
CCL Su+Hol-Xmas,20191110,1
CCL Su+Hol-Xmas,20191117,1
CCL Su+Hol-Xmas,20191124,1
CCL Su+Hol-Xmas,20191201,1
CCL Su+Hol-Xmas,20191208,1
CCL Su+Hol-Xmas,20191215,1
CCL Su+Hol-Xmas,20191222,1
CCL Su+Hol-Xmas,20191226,1
CCL Su+Hol-Xmas,20191227,1
CCL Su+Hol-Xmas,20191229,1
CCL Su+Hol-Xmas,20191230,1
CCL Su+Hol-Xmas,20191231,1
1012,20190707,1
1012,20190714,1
209,20190708,1
209,20190709,1
209,20190710,1
209,20190711,1
209,20190712,1
209,20190715,1
209,20190716,1
209,20190717,1
209,20190718,1
209,20190719,1
CCL Sa,20190713,1
CCL Sa,20190720,1
CCL Sa,20190727,1
CCL Sa,20190803,1
CCL Sa,20190810,1
CCL Sa,20190817,1
CCL Sa,20190824,1
CCL Sa,20190831,1
CCL Sa,20190907,1
CCL Sa,20190914,1
CCL Sa,20190921,1
CCL Sa,20190928,1
CCL Sa,20191005,1
CCL Sa,20191012,1
CCL Sa,20191019,1
CCL Sa,20191026,1
CCL Sa,20191102,1
CCL Sa,20191109,1
CCL Sa,20191116,1
CCL Sa,20191123,1
CCL Sa,20191130,1
CCL Sa,20191207,1
CCL Sa,20191214,1
CCL Sa,20191221,1
CCL Sa,20191228,1
8_1,20190713,1
8_1,20190720,1
213_1,20190708,1
213_1,20190709,1
213_1,20190710,1
213_1,20190711,1
213_1,20190712,1
213_1,20190715,1
213_1,20190716,1
213_1,20190717,1
213_1,20190718,1
213_1,20190719,1
33_1,20190713,1
33_1,20190720,1
605_2,20190707,1
605_2,20190714,1
229,20190708,1
229,20190709,1
229,20190710,1
229,20190711,1
229,20190712,1
229,20190715,1
229,20190716,1
229,20190717,1
229,20190718,1
229,20190719,1
39_1,20190708,1
39_1,20190709,1
39_1,20190710,1
39_1,20190711,1
39_1,20190712,1
39_1,20190715,1
39_1,20190716,1
39_1,20190717,1
39_1,20190718,1
39_1,20190719,1
32_1,20190713,1
32_1,20190720,1
203_5,20190708,1
203_5,20190709,1
203_5,20190710,1
203_5,20190711,1
203_5,20190712,1
203_5,20190715,1
203_5,20190716,1
203_5,20190717,1
203_5,20190718,1
203_5,20190719,1
50,20190708,1
50,20190709,1
50,20190710,1
50,20190711,1
50,20190712,1
50,20190715,1
50,20190716,1
50,20190717,1
50,20190718,1
50,20190719,1
0101_1,20190708,1
0101_1,20190710,1
0101_1,20190715,1
0101_1,20190717,1
226,20190708,1
226,20190709,1
226,20190710,1
226,20190711,1
226,20190712,1
226,20190715,1
226,20190716,1
226,20190717,1
226,20190718,1
226,20190719,1
412_1,20190713,1
412_1,20190720,1
114_2,20190713,1
114_2,20190720,1
3111,20190708,1
3111,20190709,1
3111,20190710,1
3111,20190711,1
3111,20190712,1
3111,20190715,1
3111,20190716,1
3111,20190717,1
3111,20190718,1
3111,20190719,1
607,20190708,1
607,20190709,1
607,20190710,1
607,20190711,1
607,20190712,1
607,20190715,1
607,20190716,1
607,20190717,1
607,20190718,1
607,20190719,1
501_2,20190707,1
501_2,20190714,1
Rail SaSu+Hol-Xmas (WRL),20190707,1
Rail SaSu+Hol-Xmas (WRL),20190713,1
Rail SaSu+Hol-Xmas (WRL),20190714,1
Rail SaSu+Hol-Xmas (WRL),20190720,1
Rail SaSu+Hol-Xmas (WRL),20190721,1
Rail SaSu+Hol-Xmas (WRL),20190727,1
Rail SaSu+Hol-Xmas (WRL),20190728,1
Rail SaSu+Hol-Xmas (WRL),20190803,1
Rail SaSu+Hol-Xmas (WRL),20190804,1
Rail SaSu+Hol-Xmas (WRL),20190810,1
Rail SaSu+Hol-Xmas (WRL),20190811,1
Rail SaSu+Hol-Xmas (WRL),20190817,1
Rail SaSu+Hol-Xmas (WRL),20190818,1
Rail SaSu+Hol-Xmas (WRL),20190824,1
Rail SaSu+Hol-Xmas (WRL),20190825,1
Rail SaSu+Hol-Xmas (WRL),20190831,1
Rail SaSu+Hol-Xmas (WRL),20190901,1
Rail SaSu+Hol-Xmas (WRL),20190907,1
Rail SaSu+Hol-Xmas (WRL),20190908,1
Rail SaSu+Hol-Xmas (WRL),20190914,1
Rail SaSu+Hol-Xmas (WRL),20190915,1
Rail SaSu+Hol-Xmas (WRL),20190921,1
Rail SaSu+Hol-Xmas (WRL),20190922,1
Rail SaSu+Hol-Xmas (WRL),20190928,1
Rail SaSu+Hol-Xmas (WRL),20190929,1
Rail SaSu+Hol-Xmas (WRL),20191005,1
Rail SaSu+Hol-Xmas (WRL),20191006,1
Rail SaSu+Hol-Xmas (WRL),20191012,1
Rail SaSu+Hol-Xmas (WRL),20191013,1
Rail SaSu+Hol-Xmas (WRL),20191019,1
Rail SaSu+Hol-Xmas (WRL),20191020,1
Rail SaSu+Hol-Xmas (WRL),20191026,1
Rail SaSu+Hol-Xmas (WRL),20191027,1
Rail SaSu+Hol-Xmas (WRL),20191028,1
Rail SaSu+Hol-Xmas (WRL),20191102,1
Rail SaSu+Hol-Xmas (WRL),20191103,1
Rail SaSu+Hol-Xmas (WRL),20191109,1
Rail SaSu+Hol-Xmas (WRL),20191110,1
Rail SaSu+Hol-Xmas (WRL),20191116,1
Rail SaSu+Hol-Xmas (WRL),20191117,1
Rail SaSu+Hol-Xmas (WRL),20191123,1
Rail SaSu+Hol-Xmas (WRL),20191124,1
Rail SaSu+Hol-Xmas (WRL),20191130,1
Rail SaSu+Hol-Xmas (WRL),20191201,1
Rail SaSu+Hol-Xmas (WRL),20191207,1
Rail SaSu+Hol-Xmas (WRL),20191208,1
Rail SaSu+Hol-Xmas (WRL),20191214,1
Rail SaSu+Hol-Xmas (WRL),20191215,1
Rail SaSu+Hol-Xmas (WRL),20191221,1
Rail SaSu+Hol-Xmas (WRL),20191222,1
Rail SaSu+Hol-Xmas (WRL),20191226,1
Rail SaSu+Hol-Xmas (WRL),20191227,1
Rail SaSu+Hol-Xmas (WRL),20191228,1
Rail SaSu+Hol-Xmas (WRL),20191229,1
Rail SaSu+Hol-Xmas (WRL),20191230,1
Rail SaSu+Hol-Xmas (WRL),20191231,1
520,20190708,1
520,20190709,1
520,20190710,1
520,20190711,1
520,20190712,1
520,20190715,1
520,20190716,1
520,20190717,1
520,20190718,1
520,20190719,1
602_1,20190713,1
602_1,20190720,1
162,20190708,1
162,20190709,1
162,20190710,1
162,20190711,1
162,20190712,1
162,20190715,1
162,20190716,1
162,20190717,1
162,20190718,1
162,20190719,1
Su+Hol,20190707,1
Su+Hol,20190714,1
Su+Hol,20190721,1
Su+Hol,20190728,1
Su+Hol,20190804,1
Su+Hol,20190811,1
Su+Hol,20190818,1
Su+Hol,20190825,1
Su+Hol,20190901,1
Su+Hol,20190908,1
Su+Hol,20190915,1
Su+Hol,20190922,1
Su+Hol,20190929,1
Su+Hol,20191006,1
Su+Hol,20191013,1
Su+Hol,20191020,1
Su+Hol,20191027,1
Su+Hol,20191028,1
Su+Hol,20191103,1
Su+Hol,20191110,1
Su+Hol,20191117,1
Su+Hol,20191124,1
Su+Hol,20191201,1
Su+Hol,20191208,1
Su+Hol,20191215,1
Su+Hol,20191222,1
Su+Hol,20191225,1
Su+Hol,20191226,1
Su+Hol,20191229,1
21,20190707,1
21,20190714,1
419,20190708,1
419,20190709,1
419,20190710,1
419,20190711,1
419,20190712,1
419,20190715,1
419,20190716,1
419,20190717,1
419,20190718,1
419,20190719,1
2032,20190713,1
2032,20190720,1
208_2,20190713,1
208_2,20190720,1
141,20190708,1
141,20190709,1
141,20190710,1
141,20190711,1
141,20190712,1
141,20190715,1
141,20190716,1
141,20190717,1
141,20190718,1
141,20190719,1
1051,20190707,1
1051,20190714,1
Special Xmas,20191227,1
Special Xmas,20191230,1
Special Xmas,20191231,1
515,20190712,1
515,20190719,1
801,20190708,1
801,20190709,1
801,20190710,1
801,20190711,1
801,20190712,1
801,20190715,1
801,20190716,1
801,20190717,1
801,20190718,1
801,20190719,1
2111,20190713,1
2111,20190720,1
215_1,20190708,1
215_1,20190709,1
215_1,20190710,1
215_1,20190711,1
215_1,20190712,1
215_1,20190715,1
215_1,20190716,1
215_1,20190717,1
215_1,20190718,1
215_1,20190719,1
125,20190708,1
125,20190709,1
125,20190710,1
125,20190711,1
125,20190712,1
125,20190715,1
125,20190716,1
125,20190717,1
125,20190718,1
125,20190719,1
10_1,20190713,1
10_1,20190720,1
411_1,20190713,1
411_1,20190720,1
126,20190708,1
126,20190709,1
126,20190710,1
126,20190711,1
126,20190712,1
126,20190715,1
126,20190716,1
126,20190717,1
126,20190718,1
126,20190719,1
101_3,20190708,1
101_3,20190709,1
101_3,20190710,1
101_3,20190711,1
101_3,20190712,1
101_3,20190715,1
101_3,20190716,1
101_3,20190717,1
101_3,20190718,1
101_3,20190719,1
2011,20190713,1
2011,20190720,1
901_1,20190708,1
901_1,20190709,1
901_1,20190710,1
901_1,20190711,1
901_1,20190712,1
901_1,20190715,1
901_1,20190716,1
901_1,20190717,1
901_1,20190718,1
901_1,20190719,1
131,20190708,1
131,20190709,1
131,20190710,1
131,20190711,1
131,20190712,1
131,20190715,1
131,20190716,1
131,20190717,1
131,20190718,1
131,20190719,1
1414,20190708,1
1414,20190709,1
1414,20190710,1
1414,20190711,1
1414,20190712,1
1414,20190715,1
1414,20190716,1
1414,20190717,1
1414,20190718,1
1414,20190719,1
60,20190708,1
60,20190709,1
60,20190710,1
60,20190711,1
60,20190712,1
60,20190715,1
60,20190716,1
60,20190717,1
60,20190718,1
60,20190719,1
304_2,20190707,1
304_2,20190714,1
118_2,20190707,1
118_2,20190714,1
0101,20190708,1
0101,20190709,1
0101,20190710,1
0101,20190711,1
0101,20190712,1
0101,20190715,1
0101,20190716,1
0101,20190717,1
0101,20190718,1
0101,20190719,1
3202,20190708,1
3202,20190709,1
3202,20190710,1
3202,20190711,1
3202,20190712,1
3202,20190715,1
3202,20190716,1
3202,20190717,1
3202,20190718,1
3202,20190719,1
227,20190708,1
227,20190709,1
227,20190710,1
227,20190711,1
227,20190712,1
227,20190715,1
227,20190716,1
227,20190717,1
227,20190718,1
227,20190719,1
9_1,20190713,1
9_1,20190720,1
4105,20190707,1
4105,20190714,1
406_1,20190713,1
406_1,20190720,1
205_2,20190713,1
205_2,20190720,1
202_3,20190707,1
202_3,20190714,1
3052,20190708,1
3052,20190709,1
3052,20190710,1
3052,20190711,1
3052,20190712,1
3052,20190715,1
3052,20190716,1
3052,20190717,1
3052,20190718,1
3052,20190719,1
168,20190708,1
168,20190709,1
168,20190710,1
168,20190711,1
168,20190712,1
168,20190715,1
168,20190716,1
168,20190717,1
168,20190718,1
168,20190719,1
420_2,20190713,1
420_2,20190720,1
17,20190707,1
17,20190714,1
16_1,20190713,1
16_1,20190720,1
3102,20190708,1
3102,20190709,1
3102,20190710,1
3102,20190711,1
3102,20190712,1
3102,20190715,1
3102,20190716,1
3102,20190717,1
3102,20190718,1
3102,20190719,1
21_1,20190713,1
21_1,20190720,1
2031,20190713,1
2031,20190720,1
W-Sch,20190724,1
W-Sch,20190731,1
W-Sch,20190807,1
W-Sch,20190814,1
W-Sch,20190821,1
W-Sch,20190828,1
W-Sch,20190904,1
W-Sch,20190911,1
W-Sch,20190918,1
W-Sch,20190925,1
W-Sch,20191016,1
W-Sch,20191023,1
W-Sch,20191030,1
W-Sch,20191106,1
W-Sch,20191113,1
W-Sch,20191120,1
W-Sch,20191127,1
W-Sch,20191204,1
W-Sch,20191211,1
W-Sch,20191218,1
156,20190708,1
156,20190709,1
156,20190710,1
156,20190711,1
156,20190712,1
156,20190715,1
156,20190716,1
156,20190717,1
156,20190718,1
156,20190719,1
207_2,20190713,1
207_2,20190720,1
209_1,20190708,1
209_1,20190709,1
209_1,20190710,1
209_1,20190711,1
209_1,20190712,1
209_1,20190715,1
209_1,20190716,1
209_1,20190717,1
209_1,20190718,1
209_1,20190719,1
1021,20190707,1
1021,20190714,1
150,20190708,1
150,20190709,1
150,20190710,1
150,20190711,1
150,20190712,1
150,20190715,1
150,20190716,1
150,20190717,1
150,20190718,1
150,20190719,1
142,20190708,1
142,20190709,1
142,20190710,1
142,20190711,1
142,20190712,1
142,20190715,1
142,20190716,1
142,20190717,1
142,20190718,1
142,20190719,1
6,20190707,1
6,20190714,1
200_1,20190713,1
200_1,20190720,1
123,20190708,1
123,20190709,1
123,20190710,1
123,20190711,1
123,20190712,1
123,20190715,1
123,20190716,1
123,20190717,1
123,20190718,1
123,20190719,1
406,20190708,1
406,20190709,1
406,20190710,1
406,20190711,1
406,20190712,1
406,20190715,1
406,20190716,1
406,20190717,1
406,20190718,1
406,20190719,1
410_1,20190713,1
410_1,20190720,1
505_2,20190707,1
505_2,20190714,1
103,20190708,1
103,20190709,1
103,20190710,1
103,20190711,1
103,20190712,1
103,20190715,1
103,20190716,1
103,20190717,1
103,20190718,1
103,20190719,1
29_1,20190713,1
29_1,20190720,1
53,20190708,1
53,20190709,1
53,20190710,1
53,20190711,1
53,20190712,1
53,20190715,1
53,20190716,1
53,20190717,1
53,20190718,1
53,20190719,1
413_1,20190713,1
413_1,20190720,1
0383,20190708,1
0383,20190709,1
0383,20190710,1
0383,20190711,1
0383,20190712,1
0383,20190715,1
0383,20190716,1
0383,20190717,1
0383,20190718,1
0383,20190719,1
4106,20190707,1
4106,20190714,1
TuTh-XHol,20190709,1
TuTh-XHol,20190711,1
TuTh-XHol,20190716,1
TuTh-XHol,20190718,1
TuTh-XHol,20190723,1
TuTh-XHol,20190725,1
TuTh-XHol,20190730,1
TuTh-XHol,20190801,1
TuTh-XHol,20190806,1
TuTh-XHol,20190808,1
TuTh-XHol,20190813,1
TuTh-XHol,20190815,1
TuTh-XHol,20190820,1
TuTh-XHol,20190822,1
TuTh-XHol,20190827,1
TuTh-XHol,20190829,1
TuTh-XHol,20190903,1
TuTh-XHol,20190905,1
TuTh-XHol,20190910,1
TuTh-XHol,20190912,1
TuTh-XHol,20190917,1
TuTh-XHol,20190919,1
TuTh-XHol,20190924,1
TuTh-XHol,20190926,1
TuTh-XHol,20191001,1
TuTh-XHol,20191003,1
TuTh-XHol,20191008,1
TuTh-XHol,20191010,1
TuTh-XHol,20191015,1
TuTh-XHol,20191017,1
TuTh-XHol,20191022,1
TuTh-XHol,20191024,1
TuTh-XHol,20191029,1
TuTh-XHol,20191031,1
TuTh-XHol,20191105,1
TuTh-XHol,20191107,1
TuTh-XHol,20191112,1
TuTh-XHol,20191114,1
TuTh-XHol,20191119,1
TuTh-XHol,20191121,1
TuTh-XHol,20191126,1
TuTh-XHol,20191128,1
TuTh-XHol,20191203,1
TuTh-XHol,20191205,1
TuTh-XHol,20191210,1
TuTh-XHol,20191212,1
TuTh-XHol,20191217,1
TuTh-XHol,20191219,1
TuTh-XHol,20191224,1
137,20190708,1
137,20190709,1
137,20190710,1
137,20190711,1
137,20190712,1
137,20190715,1
137,20190716,1
137,20190717,1
137,20190718,1
137,20190719,1
151_1,20190708,1
151_1,20190709,1
151_1,20190710,1
151_1,20190711,1
151_1,20190712,1
151_1,20190715,1
151_1,20190716,1
151_1,20190717,1
151_1,20190718,1
151_1,20190719,1
212_2,20190713,1
212_2,20190720,1
31_2,20190708,1
31_2,20190709,1
31_2,20190710,1
31_2,20190711,1
31_2,20190712,1
31_2,20190715,1
31_2,20190716,1
31_2,20190717,1
31_2,20190718,1
31_2,20190719,1
124,20190708,1
124,20190709,1
124,20190710,1
124,20190711,1
124,20190712,1
124,20190715,1
124,20190716,1
124,20190717,1
124,20190718,1
124,20190719,1
404_2,20190707,1
404_2,20190714,1
110_2,20190707,1
110_2,20190714,1
318,20190708,1
318,20190709,1
318,20190710,1
318,20190711,1
318,20190712,1
318,20190715,1
318,20190716,1
318,20190717,1
318,20190718,1
318,20190719,1
13_1,20190713,1
13_1,20190720,1
601_1,20190713,1
601_1,20190720,1
104,20190708,1
104,20190709,1
104,20190710,1
104,20190711,1
104,20190712,1
104,20190715,1
104,20190716,1
104,20190717,1
104,20190718,1
104,20190719,1
15,20190707,1
15,20190714,1
514_1,20190713,1
514_1,20190720,1
26_1,20190713,1
26_1,20190720,1
58,20190708,1
58,20190709,1
58,20190710,1
58,20190711,1
58,20190712,1
58,20190715,1
58,20190716,1
58,20190717,1
58,20190718,1
58,20190719,1
159,20190708,1
159,20190709,1
159,20190710,1
159,20190711,1
159,20190712,1
159,20190715,1
159,20190716,1
159,20190717,1
159,20190718,1
159,20190719,1
Rail MTuWThF-XHol,20190708,1
Rail MTuWThF-XHol,20190709,1
Rail MTuWThF-XHol,20190710,1
Rail MTuWThF-XHol,20190711,1
Rail MTuWThF-XHol,20190712,1
Rail MTuWThF-XHol,20190715,1
Rail MTuWThF-XHol,20190716,1
Rail MTuWThF-XHol,20190717,1
Rail MTuWThF-XHol,20190718,1
Rail MTuWThF-XHol,20190719,1
Rail MTuWThF-XHol,20190722,1
Rail MTuWThF-XHol,20190723,1
Rail MTuWThF-XHol,20190724,1
Rail MTuWThF-XHol,20190725,1
Rail MTuWThF-XHol,20190726,1
Rail MTuWThF-XHol,20190729,1
Rail MTuWThF-XHol,20190730,1
Rail MTuWThF-XHol,20190731,1
Rail MTuWThF-XHol,20190801,1
Rail MTuWThF-XHol,20190802,1
Rail MTuWThF-XHol,20190805,1
Rail MTuWThF-XHol,20190806,1
Rail MTuWThF-XHol,20190807,1
Rail MTuWThF-XHol,20190808,1
Rail MTuWThF-XHol,20190809,1
Rail MTuWThF-XHol,20190812,1
Rail MTuWThF-XHol,20190813,1
Rail MTuWThF-XHol,20190814,1
Rail MTuWThF-XHol,20190815,1
Rail MTuWThF-XHol,20190816,1
Rail MTuWThF-XHol,20190819,1
Rail MTuWThF-XHol,20190820,1
Rail MTuWThF-XHol,20190821,1
Rail MTuWThF-XHol,20190822,1
Rail MTuWThF-XHol,20190823,1
Rail MTuWThF-XHol,20190826,1
Rail MTuWThF-XHol,20190827,1
Rail MTuWThF-XHol,20190828,1
Rail MTuWThF-XHol,20190829,1
Rail MTuWThF-XHol,20190830,1
Rail MTuWThF-XHol,20190902,1
Rail MTuWThF-XHol,20190903,1
Rail MTuWThF-XHol,20190904,1
Rail MTuWThF-XHol,20190905,1
Rail MTuWThF-XHol,20190906,1
Rail MTuWThF-XHol,20190909,1
Rail MTuWThF-XHol,20190910,1
Rail MTuWThF-XHol,20190911,1
Rail MTuWThF-XHol,20190912,1
Rail MTuWThF-XHol,20190913,1
Rail MTuWThF-XHol,20190916,1
Rail MTuWThF-XHol,20190917,1
Rail MTuWThF-XHol,20190918,1
Rail MTuWThF-XHol,20190919,1
Rail MTuWThF-XHol,20190920,1
Rail MTuWThF-XHol,20190923,1
Rail MTuWThF-XHol,20190924,1
Rail MTuWThF-XHol,20190925,1
Rail MTuWThF-XHol,20190926,1
Rail MTuWThF-XHol,20190927,1
Rail MTuWThF-XHol,20190930,1
Rail MTuWThF-XHol,20191001,1
Rail MTuWThF-XHol,20191002,1
Rail MTuWThF-XHol,20191003,1
Rail MTuWThF-XHol,20191004,1
Rail MTuWThF-XHol,20191007,1
Rail MTuWThF-XHol,20191008,1
Rail MTuWThF-XHol,20191009,1
Rail MTuWThF-XHol,20191010,1
Rail MTuWThF-XHol,20191011,1
Rail MTuWThF-XHol,20191014,1
Rail MTuWThF-XHol,20191015,1
Rail MTuWThF-XHol,20191016,1
Rail MTuWThF-XHol,20191017,1
Rail MTuWThF-XHol,20191018,1
Rail MTuWThF-XHol,20191021,1
Rail MTuWThF-XHol,20191022,1
Rail MTuWThF-XHol,20191023,1
Rail MTuWThF-XHol,20191024,1
Rail MTuWThF-XHol,20191025,1
Rail MTuWThF-XHol,20191029,1
Rail MTuWThF-XHol,20191030,1
Rail MTuWThF-XHol,20191031,1
Rail MTuWThF-XHol,20191101,1
Rail MTuWThF-XHol,20191104,1
Rail MTuWThF-XHol,20191105,1
Rail MTuWThF-XHol,20191106,1
Rail MTuWThF-XHol,20191107,1
Rail MTuWThF-XHol,20191108,1
Rail MTuWThF-XHol,20191111,1
Rail MTuWThF-XHol,20191112,1
Rail MTuWThF-XHol,20191113,1
Rail MTuWThF-XHol,20191114,1
Rail MTuWThF-XHol,20191115,1
Rail MTuWThF-XHol,20191118,1
Rail MTuWThF-XHol,20191119,1
Rail MTuWThF-XHol,20191120,1
Rail MTuWThF-XHol,20191121,1
Rail MTuWThF-XHol,20191122,1
Rail MTuWThF-XHol,20191125,1
Rail MTuWThF-XHol,20191126,1
Rail MTuWThF-XHol,20191127,1
Rail MTuWThF-XHol,20191128,1
Rail MTuWThF-XHol,20191129,1
Rail MTuWThF-XHol,20191202,1
Rail MTuWThF-XHol,20191203,1
Rail MTuWThF-XHol,20191204,1
Rail MTuWThF-XHol,20191205,1
Rail MTuWThF-XHol,20191206,1
Rail MTuWThF-XHol,20191209,1
Rail MTuWThF-XHol,20191210,1
Rail MTuWThF-XHol,20191211,1
Rail MTuWThF-XHol,20191212,1
Rail MTuWThF-XHol,20191213,1
Rail MTuWThF-XHol,20191216,1
Rail MTuWThF-XHol,20191217,1
Rail MTuWThF-XHol,20191218,1
Rail MTuWThF-XHol,20191219,1
Rail MTuWThF-XHol,20191220,1
Rail MTuWThF-XHol,20191223,1
Rail MTuWThF-XHol,20191224,1
105_3,20190708,1
105_3,20190709,1
105_3,20190710,1
105_3,20190711,1
105_3,20190712,1
105_3,20190715,1
105_3,20190716,1
105_3,20190717,1
105_3,20190718,1
105_3,20190719,1
0404,20190708,1
0404,20190709,1
0404,20190710,1
0404,20190711,1
0404,20190712,1
0404,20190715,1
0404,20190716,1
0404,20190717,1
0404,20190718,1
0404,20190719,1
Rail SaSu+Hol,20190707,1
Rail SaSu+Hol,20190713,1
Rail SaSu+Hol,20190714,1
Rail SaSu+Hol,20190720,1
Rail SaSu+Hol,20190721,1
Rail SaSu+Hol,20190727,1
Rail SaSu+Hol,20190728,1
Rail SaSu+Hol,20190803,1
Rail SaSu+Hol,20190804,1
Rail SaSu+Hol,20190810,1
Rail SaSu+Hol,20190811,1
Rail SaSu+Hol,20190817,1
Rail SaSu+Hol,20190818,1
Rail SaSu+Hol,20190824,1
Rail SaSu+Hol,20190825,1
Rail SaSu+Hol,20190831,1
Rail SaSu+Hol,20190901,1
Rail SaSu+Hol,20190907,1
Rail SaSu+Hol,20190908,1
Rail SaSu+Hol,20190914,1
Rail SaSu+Hol,20190915,1
Rail SaSu+Hol,20190921,1
Rail SaSu+Hol,20190922,1
Rail SaSu+Hol,20190928,1
Rail SaSu+Hol,20190929,1
Rail SaSu+Hol,20191005,1
Rail SaSu+Hol,20191006,1
Rail SaSu+Hol,20191012,1
Rail SaSu+Hol,20191013,1
Rail SaSu+Hol,20191019,1
Rail SaSu+Hol,20191020,1
Rail SaSu+Hol,20191026,1
Rail SaSu+Hol,20191027,1
Rail SaSu+Hol,20191028,1
Rail SaSu+Hol,20191102,1
Rail SaSu+Hol,20191103,1
Rail SaSu+Hol,20191109,1
Rail SaSu+Hol,20191110,1
Rail SaSu+Hol,20191116,1
Rail SaSu+Hol,20191117,1
Rail SaSu+Hol,20191123,1
Rail SaSu+Hol,20191124,1
Rail SaSu+Hol,20191130,1
Rail SaSu+Hol,20191201,1
Rail SaSu+Hol,20191207,1
Rail SaSu+Hol,20191208,1
Rail SaSu+Hol,20191214,1
Rail SaSu+Hol,20191215,1
Rail SaSu+Hol,20191221,1
Rail SaSu+Hol,20191222,1
Rail SaSu+Hol,20191225,1
Rail SaSu+Hol,20191226,1
Rail SaSu+Hol,20191227,1
Rail SaSu+Hol,20191228,1
Rail SaSu+Hol,20191229,1
Rail SaSu+Hol,20191230,1
Rail SaSu+Hol,20191231,1
401_2,20190707,1
401_2,20190714,1
2072,20190713,1
2072,20190720,1
211_1,20190708,1
211_1,20190709,1
211_1,20190710,1
211_1,20190711,1
211_1,20190712,1
211_1,20190715,1
211_1,20190716,1
211_1,20190717,1
211_1,20190718,1
211_1,20190719,1
39,20190713,1
39,20190720,1
200_2,20190708,1
200_2,20190709,1
200_2,20190710,1
200_2,20190711,1
200_2,20190712,1
200_2,20190715,1
200_2,20190716,1
200_2,20190717,1
200_2,20190718,1
200_2,20190719,1
135,20190708,1
135,20190709,1
135,20190710,1
135,20190711,1
135,20190712,1
135,20190715,1
135,20190716,1
135,20190717,1
135,20190718,1
135,20190719,1
51,20190708,1
51,20190709,1
51,20190710,1
51,20190711,1
51,20190712,1
51,20190715,1
51,20190716,1
51,20190717,1
51,20190718,1
51,20190719,1
29,20190707,1
29,20190714,1
1072,20190707,1
1072,20190714,1
140,20190708,1
140,20190709,1
140,20190710,1
140,20190711,1
140,20190712,1
140,20190715,1
140,20190716,1
140,20190717,1
140,20190718,1
140,20190719,1
2022,20190713,1
2022,20190720,1
3032,20190708,1
3032,20190709,1
3032,20190710,1
3032,20190711,1
3032,20190712,1
3032,20190715,1
3032,20190716,1
3032,20190717,1
3032,20190718,1
3032,20190719,1
411,20190708,1
411,20190709,1
411,20190710,1
411,20190711,1
411,20190712,1
411,20190715,1
411,20190716,1
411,20190717,1
411,20190718,1
411,20190719,1
214_1,20190708,1
214_1,20190709,1
214_1,20190710,1
214_1,20190711,1
214_1,20190712,1
214_1,20190715,1
214_1,20190716,1
214_1,20190717,1
214_1,20190718,1
214_1,20190719,1
301_2,20190707,1
301_2,20190714,1
504_1,20190713,1
504_1,20190720,1
205_5,20190713,1
205_5,20190720,1
0303,20190708,1
0303,20190709,1
0303,20190710,1
0303,20190711,1
0303,20190712,1
0303,20190715,1
0303,20190716,1
0303,20190717,1
0303,20190718,1
0303,20190719,1
148,20190708,1
148,20190709,1
148,20190710,1
148,20190711,1
148,20190712,1
148,20190715,1
148,20190716,1
148,20190717,1
148,20190718,1
148,20190719,1
606,20190708,1
606,20190709,1
606,20190710,1
606,20190711,1
606,20190712,1
606,20190715,1
606,20190716,1
606,20190717,1
606,20190718,1
606,20190719,1
503,20190708,1
503,20190709,1
503,20190710,1
503,20190711,1
503,20190712,1
503,20190715,1
503,20190716,1
503,20190717,1
503,20190718,1
503,20190719,1
403_2,20190707,1
403_2,20190714,1
203_1,20190708,1
203_1,20190709,1
203_1,20190710,1
203_1,20190711,1
203_1,20190712,1
203_1,20190715,1
203_1,20190716,1
203_1,20190717,1
203_1,20190718,1
203_1,20190719,1
105,20190708,1
105,20190709,1
105,20190710,1
105,20190711,1
105,20190712,1
105,20190715,1
105,20190716,1
105,20190717,1
105,20190718,1
105,20190719,1
505_1,20190713,1
505_1,20190720,1
0505,20190708,1
0505,20190709,1
0505,20190710,1
0505,20190711,1
0505,20190712,1
0505,20190715,1
0505,20190716,1
0505,20190717,1
0505,20190718,1
0505,20190719,1
139,20190708,1
139,20190709,1
139,20190710,1
139,20190711,1
139,20190712,1
139,20190715,1
139,20190716,1
139,20190717,1
139,20190718,1
139,20190719,1
52,20190708,1
52,20190709,1
52,20190710,1
52,20190711,1
52,20190712,1
52,20190715,1
52,20190716,1
52,20190717,1
52,20190718,1
52,20190719,1
502,20190708,1
502,20190709,1
502,20190710,1
502,20190711,1
502,20190712,1
502,20190715,1
502,20190716,1
502,20190717,1
502,20190718,1
502,20190719,1
28_1,20190713,1
28_1,20190720,1
41,20190713,1
41,20190720,1
107,20190708,1
107,20190709,1
107,20190710,1
107,20190711,1
107,20190712,1
107,20190715,1
107,20190716,1
107,20190717,1
107,20190718,1
107,20190719,1
27_1,20190713,1
27_1,20190720,1
3162,20190708,1
3162,20190709,1
3162,20190710,1
3162,20190711,1
3162,20190712,1
3162,20190715,1
3162,20190716,1
3162,20190717,1
3162,20190718,1
3162,20190719,1
4_3,20190708,1
4_3,20190709,1
4_3,20190710,1
4_3,20190711,1
4_3,20190712,1
4_3,20190715,1
4_3,20190716,1
4_3,20190717,1
4_3,20190718,1
4_3,20190719,1
108,20190708,1
108,20190709,1
108,20190710,1
108,20190711,1
108,20190712,1
108,20190715,1
108,20190716,1
108,20190717,1
108,20190718,1
108,20190719,1
12_2,20190708,1
12_2,20190709,1
12_2,20190710,1
12_2,20190711,1
12_2,20190712,1
12_2,20190715,1
12_2,20190716,1
12_2,20190717,1
12_2,20190718,1
12_2,20190719,1
417_1,20190713,1
417_1,20190720,1
305_2,20190707,1
305_2,20190714,1
118_3,20190708,1
118_3,20190709,1
118_3,20190710,1
118_3,20190711,1
118_3,20190712,1
118_3,20190715,1
118_3,20190716,1
118_3,20190717,1
118_3,20190718,1
118_3,20190719,1
415,20190708,1
415,20190709,1
415,20190710,1
415,20190711,1
415,20190712,1
415,20190715,1
415,20190716,1
415,20190717,1
415,20190718,1
415,20190719,1
602,20190708,1
602,20190709,1
602,20190710,1
602,20190711,1
602,20190712,1
602,20190715,1
602,20190716,1
602,20190717,1
602,20190718,1
602,20190719,1
0909,20190708,1
0909,20190709,1
0909,20190710,1
0909,20190711,1
0909,20190712,1
0909,20190715,1
0909,20190716,1
0909,20190717,1
0909,20190718,1
0909,20190719,1
8_2,20190708,1
8_2,20190709,1
8_2,20190710,1
8_2,20190711,1
8_2,20190712,1
8_2,20190715,1
8_2,20190716,1
8_2,20190717,1
8_2,20190718,1
8_2,20190719,1
113_3,20190708,1
113_3,20190709,1
113_3,20190710,1
113_3,20190711,1
113_3,20190712,1
113_3,20190715,1
113_3,20190716,1
113_3,20190717,1
113_3,20190718,1
113_3,20190719,1
900,20190708,1
900,20190709,1
900,20190710,1
900,20190711,1
900,20190712,1
900,20190715,1
900,20190716,1
900,20190717,1
900,20190718,1
900,20190719,1
414_1,20190713,1
414_1,20190720,1
3122,20190708,1
3122,20190709,1
3122,20190710,1
3122,20190711,1
3122,20190712,1
3122,20190715,1
3122,20190716,1
3122,20190717,1
3122,20190718,1
3122,20190719,1
4702,20190713,1
4702,20190720,1
38_2,20190708,1
38_2,20190709,1
38_2,20190710,1
38_2,20190711,1
38_2,20190712,1
38_2,20190715,1
38_2,20190716,1
38_2,20190717,1
38_2,20190718,1
38_2,20190719,1
2101,20190713,1
2101,20190720,1
8,20190707,1
8,20190714,1
1191,20190708,1
1191,20190709,1
1191,20190710,1
1191,20190711,1
1191,20190712,1
1191,20190715,1
1191,20190716,1
1191,20190717,1
1191,20190718,1
1191,20190719,1
106_3,20190708,1
106_3,20190709,1
106_3,20190710,1
106_3,20190711,1
106_3,20190712,1
106_3,20190715,1
106_3,20190716,1
106_3,20190717,1
106_3,20190718,1
106_3,20190719,1
59,20190708,1
59,20190709,1
59,20190710,1
59,20190711,1
59,20190712,1
59,20190715,1
59,20190716,1
59,20190717,1
59,20190718,1
59,20190719,1
3151,20190708,1
3151,20190709,1
3151,20190710,1
3151,20190711,1
3151,20190712,1
3151,20190715,1
3151,20190716,1
3151,20190717,1
3151,20190718,1
3151,20190719,1
25,20190707,1
25,20190714,1
34_1,20190713,1
34_1,20190720,1
610,20190708,1
610,20190709,1
610,20190710,1
610,20190711,1
610,20190712,1
610,20190715,1
610,20190716,1
610,20190717,1
610,20190718,1
610,20190719,1
1061,20190707,1
1061,20190714,1
506_1,20190713,1
506_1,20190720,1
118_1,20190713,1
118_1,20190720,1
201_3,20190707,1
201_3,20190714,1
37_2,20190708,1
37_2,20190709,1
37_2,20190710,1
37_2,20190711,1
37_2,20190712,1
37_2,20190715,1
37_2,20190716,1
37_2,20190717,1
37_2,20190718,1
37_2,20190719,1
102_3,20190708,1
102_3,20190709,1
102_3,20190710,1
102_3,20190711,1
102_3,20190712,1
102_3,20190715,1
102_3,20190716,1
102_3,20190717,1
102_3,20190718,1
102_3,20190719,1
20_1,20190713,1
20_1,20190720,1
CCL MTuWThF-XHol,20190708,1
CCL MTuWThF-XHol,20190709,1
CCL MTuWThF-XHol,20190710,1
CCL MTuWThF-XHol,20190711,1
CCL MTuWThF-XHol,20190712,1
CCL MTuWThF-XHol,20190715,1
CCL MTuWThF-XHol,20190716,1
CCL MTuWThF-XHol,20190717,1
CCL MTuWThF-XHol,20190718,1
CCL MTuWThF-XHol,20190719,1
CCL MTuWThF-XHol,20190722,1
CCL MTuWThF-XHol,20190723,1
CCL MTuWThF-XHol,20190724,1
CCL MTuWThF-XHol,20190725,1
CCL MTuWThF-XHol,20190726,1
CCL MTuWThF-XHol,20190729,1
CCL MTuWThF-XHol,20190730,1
CCL MTuWThF-XHol,20190731,1
CCL MTuWThF-XHol,20190801,1
CCL MTuWThF-XHol,20190802,1
CCL MTuWThF-XHol,20190805,1
CCL MTuWThF-XHol,20190806,1
CCL MTuWThF-XHol,20190807,1
CCL MTuWThF-XHol,20190808,1
CCL MTuWThF-XHol,20190809,1
CCL MTuWThF-XHol,20190812,1
CCL MTuWThF-XHol,20190813,1
CCL MTuWThF-XHol,20190814,1
CCL MTuWThF-XHol,20190815,1
CCL MTuWThF-XHol,20190816,1
CCL MTuWThF-XHol,20190819,1
CCL MTuWThF-XHol,20190820,1
CCL MTuWThF-XHol,20190821,1
CCL MTuWThF-XHol,20190822,1
CCL MTuWThF-XHol,20190823,1
CCL MTuWThF-XHol,20190826,1
CCL MTuWThF-XHol,20190827,1
CCL MTuWThF-XHol,20190828,1
CCL MTuWThF-XHol,20190829,1
CCL MTuWThF-XHol,20190830,1
CCL MTuWThF-XHol,20190902,1
CCL MTuWThF-XHol,20190903,1
CCL MTuWThF-XHol,20190904,1
CCL MTuWThF-XHol,20190905,1
CCL MTuWThF-XHol,20190906,1
CCL MTuWThF-XHol,20190909,1
CCL MTuWThF-XHol,20190910,1
CCL MTuWThF-XHol,20190911,1
CCL MTuWThF-XHol,20190912,1
CCL MTuWThF-XHol,20190913,1
CCL MTuWThF-XHol,20190916,1
CCL MTuWThF-XHol,20190917,1
CCL MTuWThF-XHol,20190918,1
CCL MTuWThF-XHol,20190919,1
CCL MTuWThF-XHol,20190920,1
CCL MTuWThF-XHol,20190923,1
CCL MTuWThF-XHol,20190924,1
CCL MTuWThF-XHol,20190925,1
CCL MTuWThF-XHol,20190926,1
CCL MTuWThF-XHol,20190927,1
CCL MTuWThF-XHol,20190930,1
CCL MTuWThF-XHol,20191001,1
CCL MTuWThF-XHol,20191002,1
CCL MTuWThF-XHol,20191003,1
CCL MTuWThF-XHol,20191004,1
CCL MTuWThF-XHol,20191007,1
CCL MTuWThF-XHol,20191008,1
CCL MTuWThF-XHol,20191009,1
CCL MTuWThF-XHol,20191010,1
CCL MTuWThF-XHol,20191011,1
CCL MTuWThF-XHol,20191014,1
CCL MTuWThF-XHol,20191015,1
CCL MTuWThF-XHol,20191016,1
CCL MTuWThF-XHol,20191017,1
CCL MTuWThF-XHol,20191018,1
CCL MTuWThF-XHol,20191021,1
CCL MTuWThF-XHol,20191022,1
CCL MTuWThF-XHol,20191023,1
CCL MTuWThF-XHol,20191024,1
CCL MTuWThF-XHol,20191025,1
CCL MTuWThF-XHol,20191029,1
CCL MTuWThF-XHol,20191030,1
CCL MTuWThF-XHol,20191031,1
CCL MTuWThF-XHol,20191101,1
CCL MTuWThF-XHol,20191104,1
CCL MTuWThF-XHol,20191105,1
CCL MTuWThF-XHol,20191106,1
CCL MTuWThF-XHol,20191107,1
CCL MTuWThF-XHol,20191108,1
CCL MTuWThF-XHol,20191111,1
CCL MTuWThF-XHol,20191112,1
CCL MTuWThF-XHol,20191113,1
CCL MTuWThF-XHol,20191114,1
CCL MTuWThF-XHol,20191115,1
CCL MTuWThF-XHol,20191118,1
CCL MTuWThF-XHol,20191119,1
CCL MTuWThF-XHol,20191120,1
CCL MTuWThF-XHol,20191121,1
CCL MTuWThF-XHol,20191122,1
CCL MTuWThF-XHol,20191125,1
CCL MTuWThF-XHol,20191126,1
CCL MTuWThF-XHol,20191127,1
CCL MTuWThF-XHol,20191128,1
CCL MTuWThF-XHol,20191129,1
CCL MTuWThF-XHol,20191202,1
CCL MTuWThF-XHol,20191203,1
CCL MTuWThF-XHol,20191204,1
CCL MTuWThF-XHol,20191205,1
CCL MTuWThF-XHol,20191206,1
CCL MTuWThF-XHol,20191209,1
CCL MTuWThF-XHol,20191210,1
CCL MTuWThF-XHol,20191211,1
CCL MTuWThF-XHol,20191212,1
CCL MTuWThF-XHol,20191213,1
CCL MTuWThF-XHol,20191216,1
CCL MTuWThF-XHol,20191217,1
CCL MTuWThF-XHol,20191218,1
CCL MTuWThF-XHol,20191219,1
CCL MTuWThF-XHol,20191220,1
CCL MTuWThF-XHol,20191223,1
CCL MTuWThF-XHol,20191224,1
CCL MTuWThF-XHol,20191227,1
CCL MTuWThF-XHol,20191230,1
CCL MTuWThF-XHol,20191231,1
502_1,20190713,1
502_1,20190720,1
604,20190708,1
604,20190709,1
604,20190710,1
604,20190711,1
604,20190712,1
604,20190715,1
604,20190716,1
604,20190717,1
604,20190718,1
604,20190719,1
3331,20190708,1
3331,20190709,1
3331,20190710,1
3331,20190711,1
3331,20190712,1
3331,20190715,1
3331,20190716,1
3331,20190717,1
3331,20190718,1
3331,20190719,1
Rail Sa,20190713,1
Rail Sa,20190720,1
Rail Sa,20190727,1
Rail Sa,20190803,1
Rail Sa,20190810,1
Rail Sa,20190817,1
Rail Sa,20190824,1
Rail Sa,20190831,1
Rail Sa,20190907,1
Rail Sa,20190914,1
Rail Sa,20190921,1
Rail Sa,20190928,1
Rail Sa,20191005,1
Rail Sa,20191012,1
Rail Sa,20191019,1
Rail Sa,20191026,1
Rail Sa,20191102,1
Rail Sa,20191109,1
Rail Sa,20191116,1
Rail Sa,20191123,1
Rail Sa,20191130,1
Rail Sa,20191207,1
Rail Sa,20191214,1
Rail Sa,20191221,1
Rail Sa,20191227,1
Rail Sa,20191228,1
Rail Sa,20191230,1
Rail Sa,20191231,1
111_1,20190713,1
111_1,20190720,1
609,20190708,1
609,20190709,1
609,20190710,1
609,20190711,1
609,20190712,1
609,20190715,1
609,20190716,1
609,20190717,1
609,20190718,1
609,20190719,1
315,20190708,1
315,20190709,1
315,20190710,1
315,20190711,1
315,20190712,1
315,20190715,1
315,20190716,1
315,20190717,1
315,20190718,1
315,20190719,1
301_1,20190713,1
301_1,20190720,1
119_2,20190708,1
119_2,20190709,1
119_2,20190710,1
119_2,20190711,1
119_2,20190712,1
119_2,20190715,1
119_2,20190716,1
119_2,20190717,1
119_2,20190718,1
119_2,20190719,1
3193,20190708,1
3193,20190709,1
3193,20190710,1
3193,20190711,1
3193,20190712,1
3193,20190715,1
3193,20190716,1
3193,20190717,1
3193,20190718,1
3193,20190719,1
1090,20190708,1
1090,20190709,1
1090,20190710,1
1090,20190711,1
1090,20190712,1
1090,20190715,1
1090,20190716,1
1090,20190717,1
1090,20190718,1
1090,20190719,1
WHF Sa,20190713,1
WHF Sa,20190720,1
WHF Sa,20190727,1
WHF Sa,20190803,1
WHF Sa,20190810,1
WHF Sa,20190817,1
WHF Sa,20190824,1
WHF Sa,20190831,1
WHF Sa,20190907,1
WHF Sa,20190914,1
WHF Sa,20190921,1
WHF Sa,20190928,1
WHF Sa,20191005,1
WHF Sa,20191012,1
WHF Sa,20191019,1
WHF Sa,20191026,1
WHF Sa,20191102,1
WHF Sa,20191109,1
WHF Sa,20191116,1
WHF Sa,20191123,1
WHF Sa,20191130,1
WHF Sa,20191207,1
WHF Sa,20191214,1
WHF Sa,20191221,1
WHF Sa,20191227,1
WHF Sa,20191228,1
WHF Sa,20191230,1
WHF Sa,20191231,1
102_1,20190713,1
102_1,20190720,1
2_1,20190713,1
2_1,20190720,1
108_1,20190713,1
108_1,20190720,1
35_1,20190713,1
35_1,20190720,1
1111,20190708,1
1111,20190709,1
1111,20190710,1
1111,20190711,1
1111,20190712,1
1111,20190715,1
1111,20190716,1
1111,20190717,1
1111,20190718,1
1111,20190719,1
304,20190708,1
304,20190709,1
304,20190710,1
304,20190711,1
304,20190712,1
304,20190715,1
304,20190716,1
304,20190717,1
304,20190718,1
304,20190719,1
3012,20190708,1
3012,20190709,1
3012,20190710,1
3012,20190711,1
3012,20190712,1
3012,20190715,1
3012,20190716,1
3012,20190717,1
3012,20190718,1
3012,20190719,1
12_1,20190713,1
12_1,20190720,1
106_4,20190707,1
106_4,20190714,1
506,20190708,1
506,20190709,1
506,20190710,1
506,20190711,1
506,20190712,1
506,20190715,1
506,20190716,1
506,20190717,1
506,20190718,1
506,20190719,1
422,20190708,1
422,20190709,1
422,20190710,1
422,20190711,1
422,20190712,1
422,20190715,1
422,20190716,1
422,20190717,1
422,20190718,1
422,20190719,1
122,20190708,1
122,20190709,1
122,20190710,1
122,20190711,1
122,20190712,1
122,20190715,1
122,20190716,1
122,20190717,1
122,20190718,1
122,20190719,1
3182,20190708,1
3182,20190709,1
3182,20190710,1
3182,20190711,1
3182,20190712,1
3182,20190715,1
3182,20190716,1
3182,20190717,1
3182,20190718,1
3182,20190719,1
204_5,20190713,1
204_5,20190720,1
3123,20190708,1
3123,20190709,1
3123,20190710,1
3123,20190711,1
3123,20190712,1
3123,20190715,1
3123,20190716,1
3123,20190717,1
3123,20190718,1
3123,20190719,1
308_1,20190713,1
308_1,20190720,1
403_1,20190713,1
403_1,20190720,1
3022,20190708,1
3022,20190709,1
3022,20190710,1
3022,20190711,1
3022,20190712,1
3022,20190715,1
3022,20190716,1
3022,20190717,1
3022,20190718,1
3022,20190719,1
136,20190708,1
136,20190709,1
136,20190710,1
136,20190711,1
136,20190712,1
136,20190715,1
136,20190716,1
136,20190717,1
136,20190718,1
136,20190719,1
163,20190708,1
163,20190709,1
163,20190710,1
163,20190711,1
163,20190712,1
163,20190715,1
163,20190716,1
163,20190717,1
163,20190718,1
163,20190719,1
3,20190707,1
3,20190714,1
3041,20190708,1
3041,20190709,1
3041,20190710,1
3041,20190711,1
3041,20190712,1
3041,20190715,1
3041,20190716,1
3041,20190717,1
3041,20190718,1
3041,20190719,1
305,20190708,1
305,20190709,1
305,20190710,1
305,20190711,1
305,20190712,1
305,20190715,1
305,20190716,1
305,20190717,1
305,20190718,1
305,20190719,1
503_1,20190713,1
503_1,20190720,1
111,20190708,1
111,20190709,1
111,20190710,1
111,20190711,1
111,20190712,1
111,20190715,1
111,20190716,1
111,20190717,1
111,20190718,1
111,20190719,1
27,20190707,1
27,20190714,1
311,20190708,1
311,20190709,1
311,20190710,1
311,20190711,1
311,20190712,1
311,20190715,1
311,20190716,1
311,20190717,1
311,20190718,1
311,20190719,1
108_2,20190707,1
108_2,20190714,1
509_1,20190713,1
509_1,20190720,1
MTuThF-Sch,20190722,1
MTuThF-Sch,20190723,1
MTuThF-Sch,20190725,1
MTuThF-Sch,20190726,1
MTuThF-Sch,20190729,1
MTuThF-Sch,20190730,1
MTuThF-Sch,20190801,1
MTuThF-Sch,20190802,1
MTuThF-Sch,20190805,1
MTuThF-Sch,20190806,1
MTuThF-Sch,20190808,1
MTuThF-Sch,20190809,1
MTuThF-Sch,20190812,1
MTuThF-Sch,20190813,1
MTuThF-Sch,20190815,1
MTuThF-Sch,20190816,1
MTuThF-Sch,20190819,1
MTuThF-Sch,20190820,1
MTuThF-Sch,20190822,1
MTuThF-Sch,20190823,1
MTuThF-Sch,20190826,1
MTuThF-Sch,20190827,1
MTuThF-Sch,20190829,1
MTuThF-Sch,20190830,1
MTuThF-Sch,20190902,1
MTuThF-Sch,20190903,1
MTuThF-Sch,20190905,1
MTuThF-Sch,20190906,1
MTuThF-Sch,20190909,1
MTuThF-Sch,20190910,1
MTuThF-Sch,20190912,1
MTuThF-Sch,20190913,1
MTuThF-Sch,20190916,1
MTuThF-Sch,20190917,1
MTuThF-Sch,20190919,1
MTuThF-Sch,20190920,1
MTuThF-Sch,20190923,1
MTuThF-Sch,20190924,1
MTuThF-Sch,20190926,1
MTuThF-Sch,20190927,1
MTuThF-Sch,20191014,1
MTuThF-Sch,20191015,1
MTuThF-Sch,20191017,1
MTuThF-Sch,20191018,1
MTuThF-Sch,20191021,1
MTuThF-Sch,20191022,1
MTuThF-Sch,20191024,1
MTuThF-Sch,20191025,1
MTuThF-Sch,20191029,1
MTuThF-Sch,20191031,1
MTuThF-Sch,20191101,1
MTuThF-Sch,20191104,1
MTuThF-Sch,20191105,1
MTuThF-Sch,20191107,1
MTuThF-Sch,20191108,1
MTuThF-Sch,20191111,1
MTuThF-Sch,20191112,1
MTuThF-Sch,20191114,1
MTuThF-Sch,20191115,1
MTuThF-Sch,20191118,1
MTuThF-Sch,20191119,1
MTuThF-Sch,20191121,1
MTuThF-Sch,20191122,1
MTuThF-Sch,20191125,1
MTuThF-Sch,20191126,1
MTuThF-Sch,20191128,1
MTuThF-Sch,20191129,1
MTuThF-Sch,20191202,1
MTuThF-Sch,20191203,1
MTuThF-Sch,20191205,1
MTuThF-Sch,20191206,1
MTuThF-Sch,20191209,1
MTuThF-Sch,20191210,1
MTuThF-Sch,20191212,1
MTuThF-Sch,20191213,1
MTuThF-Sch,20191216,1
MTuThF-Sch,20191217,1
MTuThF-Sch,20191219,1
MTuThF-Sch,20191220,1
108_3,20190708,1
108_3,20190709,1
108_3,20190710,1
108_3,20190711,1
108_3,20190712,1
108_3,20190715,1
108_3,20190716,1
108_3,20190717,1
108_3,20190718,1
108_3,20190719,1
4_2,20190708,1
4_2,20190709,1
4_2,20190710,1
4_2,20190711,1
4_2,20190712,1
4_2,20190715,1
4_2,20190716,1
4_2,20190717,1
4_2,20190718,1
4_2,20190719,1
3092,20190708,1
3092,20190709,1
3092,20190710,1
3092,20190711,1
3092,20190712,1
3092,20190715,1
3092,20190716,1
3092,20190717,1
3092,20190718,1
3092,20190719,1
419_1,20190713,1
419_1,20190720,1
3133,20190708,1
3133,20190709,1
3133,20190710,1
3133,20190711,1
3133,20190712,1
3133,20190715,1
3133,20190716,1
3133,20190717,1
3133,20190718,1
3133,20190719,1
204_1,20190708,1
204_1,20190709,1
204_1,20190710,1
204_1,20190711,1
204_1,20190712,1
204_1,20190715,1
204_1,20190716,1
204_1,20190717,1
204_1,20190718,1
204_1,20190719,1
120_1,20190707,1
120_1,20190714,1
16_2,20190708,1
16_2,20190709,1
16_2,20190710,1
16_2,20190711,1
16_2,20190712,1
16_2,20190715,1
16_2,20190716,1
16_2,20190717,1
16_2,20190718,1
16_2,20190719,1
1041,20190707,1
1041,20190714,1
514,20190708,1
514,20190709,1
514,20190710,1
514,20190711,1
514,20190712,1
514,20190715,1
514,20190716,1
514,20190717,1
514,20190718,1
514,20190719,1
231,20190708,1
231,20190709,1
231,20190710,1
231,20190711,1
231,20190712,1
231,20190715,1
231,20190716,1
231,20190717,1
231,20190718,1
231,20190719,1
103_2,20190707,1
103_2,20190714,1
36_1,20190713,1
36_1,20190720,1
101_2,20190707,1
101_2,20190714,1
409_1,20190713,1
409_1,20190720,1
211,20190708,1
211,20190709,1
211,20190710,1
211,20190711,1
211,20190712,1
211,20190715,1
211,20190716,1
211,20190717,1
211,20190718,1
211,20190719,1
408,20190708,1
408,20190709,1
408,20190710,1
408,20190711,1
408,20190712,1
408,20190715,1
408,20190716,1
408,20190717,1
408,20190718,1
408,20190719,1
119_3,20190707,1
119_3,20190714,1
211_2,20190713,1
211_2,20190720,1
104_2,20190707,1
104_2,20190714,1
707,20190708,1
707,20190709,1
707,20190710,1
707,20190711,1
707,20190712,1
707,20190715,1
707,20190716,1
707,20190717,1
707,20190718,1
707,20190719,1
513_1,20190713,1
513_1,20190720,1
164,20190708,1
164,20190709,1
164,20190710,1
164,20190711,1
164,20190712,1
164,20190715,1
164,20190716,1
164,20190717,1
164,20190718,1
164,20190719,1
129,20190708,1
129,20190709,1
129,20190710,1
129,20190711,1
129,20190712,1
129,20190715,1
129,20190716,1
129,20190717,1
129,20190718,1
129,20190719,1
1001,20190708,1
1001,20190709,1
1001,20190710,1
1001,20190711,1
1001,20190712,1
1001,20190715,1
1001,20190716,1
1001,20190717,1
1001,20190718,1
1001,20190719,1
38_1,20190713,1
38_1,20190720,1
5,20190707,1
5,20190714,1
20,20190707,1
20,20190714,1
420,20190712,1
420,20190719,1
46,20190708,1
46,20190709,1
46,20190710,1
46,20190711,1
46,20190712,1
46,20190715,1
46,20190716,1
46,20190717,1
46,20190718,1
46,20190719,1
3142,20190708,1
3142,20190709,1
3142,20190710,1
3142,20190711,1
3142,20190712,1
3142,20190715,1
3142,20190716,1
3142,20190717,1
3142,20190718,1
3142,20190719,1
502_2,20190707,1
502_2,20190714,1
303_2,20190713,1
303_2,20190720,1
30,20190707,1
30,20190714,1
1011,20190707,1
1011,20190714,1
149,20190708,1
149,20190709,1
149,20190710,1
149,20190711,1
149,20190712,1
149,20190715,1
149,20190716,1
149,20190717,1
149,20190718,1
149,20190719,1
169,20190708,1
169,20190709,1
169,20190710,1
169,20190711,1
169,20190712,1
169,20190715,1
169,20190716,1
169,20190717,1
169,20190718,1
169,20190719,1
228,20190708,1
228,20190709,1
228,20190710,1
228,20190711,1
228,20190712,1
228,20190715,1
228,20190716,1
228,20190717,1
228,20190718,1
228,20190719,1
24_1,20190713,1
24_1,20190720,1
23_2,20190708,1
23_2,20190709,1
23_2,20190710,1
23_2,20190711,1
23_2,20190712,1
23_2,20190715,1
23_2,20190716,1
23_2,20190717,1
23_2,20190718,1
23_2,20190719,1
37,20190707,1
37,20190714,1
601_2,20190707,1
601_2,20190714,1
158,20190708,1
158,20190709,1
158,20190710,1
158,20190711,1
158,20190712,1
158,20190715,1
158,20190716,1
158,20190717,1
158,20190718,1
158,20190719,1
208_1,20190708,1
208_1,20190709,1
208_1,20190710,1
208_1,20190711,1
208_1,20190712,1
208_1,20190715,1
208_1,20190716,1
208_1,20190717,1
208_1,20190718,1
208_1,20190719,1
143,20190708,1
143,20190709,1
143,20190710,1
143,20190711,1
143,20190712,1
143,20190715,1
143,20190716,1
143,20190717,1
143,20190718,1
143,20190719,1
36,20190707,1
36,20190714,1
218,20190708,1
218,20190709,1
218,20190710,1
218,20190711,1
218,20190712,1
218,20190715,1
218,20190716,1
218,20190717,1
218,20190718,1
218,20190719,1
213_2,20190713,1
213_2,20190720,1
612,20190708,1
612,20190709,1
612,20190710,1
612,20190711,1
612,20190712,1
612,20190715,1
612,20190716,1
612,20190717,1
612,20190718,1
612,20190719,1
204_2,20190713,1
204_2,20190720,1
603,20190708,1
603,20190709,1
603,20190710,1
603,20190711,1
603,20190712,1
603,20190715,1
603,20190716,1
603,20190717,1
603,20190718,1
603,20190719,1
223,20190708,1
223,20190709,1
223,20190710,1
223,20190711,1
223,20190712,1
223,20190715,1
223,20190716,1
223,20190717,1
223,20190718,1
223,20190719,1
3091,20190708,1
3091,20190709,1
3091,20190710,1
3091,20190711,1
3091,20190712,1
3091,20190715,1
3091,20190716,1
3091,20190717,1
3091,20190718,1
3091,20190719,1
130,20190708,1
130,20190709,1
130,20190710,1
130,20190711,1
130,20190712,1
130,20190715,1
130,20190716,1
130,20190717,1
130,20190718,1
130,20190719,1
27_2,20190708,1
27_2,20190709,1
27_2,20190710,1
27_2,20190711,1
27_2,20190712,1
27_2,20190715,1
27_2,20190716,1
27_2,20190717,1
27_2,20190718,1
27_2,20190719,1
114_1,20190708,1
114_1,20190709,1
114_1,20190710,1
114_1,20190711,1
114_1,20190712,1
114_1,20190715,1
114_1,20190716,1
114_1,20190717,1
114_1,20190718,1
114_1,20190719,1
3071,20190708,1
3071,20190709,1
3071,20190710,1
3071,20190711,1
3071,20190712,1
3071,20190715,1
3071,20190716,1
3071,20190717,1
3071,20190718,1
3071,20190719,1
119_1,20190713,1
119_1,20190720,1
412,20190708,1
412,20190709,1
412,20190710,1
412,20190711,1
412,20190712,1
412,20190715,1
412,20190716,1
412,20190717,1
412,20190718,1
412,20190719,1
210,20190708,1
210,20190709,1
210,20190710,1
210,20190711,1
210,20190712,1
210,20190715,1
210,20190716,1
210,20190717,1
210,20190718,1
210,20190719,1
307,20190708,1
307,20190709,1
307,20190710,1
307,20190711,1
307,20190712,1
307,20190715,1
307,20190716,1
307,20190717,1
307,20190718,1
307,20190719,1
303_3,20190707,1
303_3,20190714,1
1062,20190707,1
1062,20190714,1
111_2,20190707,1
111_2,20190714,1
514_2,20190707,1
514_2,20190714,1
138,20190708,1
138,20190709,1
138,20190710,1
138,20190711,1
138,20190712,1
138,20190715,1
138,20190716,1
138,20190717,1
138,20190718,1
138,20190719,1
405_2,20190707,1
405_2,20190714,1
Sa,20190713,1
Sa,20190720,1
Sa,20190727,1
Sa,20190803,1
Sa,20190810,1
Sa,20190817,1
Sa,20190824,1
Sa,20190831,1
Sa,20190907,1
Sa,20190914,1
Sa,20190921,1
Sa,20190928,1
Sa,20191005,1
Sa,20191012,1
Sa,20191019,1
Sa,20191026,1
Sa,20191102,1
Sa,20191109,1
Sa,20191116,1
Sa,20191123,1
Sa,20191130,1
Sa,20191207,1
Sa,20191214,1
Sa,20191221,1
Sa,20191227,1
Sa,20191228,1
Sa,20191230,1
Sa,20191231,1
23,20190707,1
23,20190714,1
217_1,20190708,1
217_1,20190709,1
217_1,20190710,1
217_1,20190711,1
217_1,20190712,1
217_1,20190715,1
217_1,20190716,1
217_1,20190717,1
217_1,20190718,1
217_1,20190719,1
12,20190707,1
12,20190714,1
22_1,20190713,1
22_1,20190720,1
116,20190708,1
116,20190709,1
116,20190710,1
116,20190711,1
116,20190712,1
116,20190715,1
116,20190716,1
116,20190717,1
116,20190718,1
116,20190719,1
54,20190708,1
54,20190709,1
54,20190710,1
54,20190711,1
54,20190712,1
54,20190715,1
54,20190716,1
54,20190717,1
54,20190718,1
54,20190719,1
113,20190708,1
113,20190709,1
113,20190710,1
113,20190711,1
113,20190712,1
113,20190715,1
113,20190716,1
113,20190717,1
113,20190718,1
113,20190719,1
17_1,20190713,1
17_1,20190720,1
115_1,20190713,1
115_1,20190720,1
10,20190707,1
10,20190714,1
145,20190708,1
145,20190709,1
145,20190710,1
145,20190711,1
145,20190712,1
145,20190715,1
145,20190716,1
145,20190717,1
145,20190718,1
145,20190719,1
201_1,20190708,1
201_1,20190709,1
201_1,20190710,1
201_1,20190711,1
201_1,20190712,1
201_1,20190715,1
201_1,20190716,1
201_1,20190717,1
201_1,20190718,1
201_1,20190719,1
604_1,20190713,1
604_1,20190720,1
3082,20190708,1
3082,20190709,1
3082,20190710,1
3082,20190711,1
3082,20190712,1
3082,20190715,1
3082,20190716,1
3082,20190717,1
3082,20190718,1
3082,20190719,1
210_2,20190713,1
210_2,20190720,1
116_3,20190708,1
116_3,20190709,1
116_3,20190710,1
116_3,20190711,1
116_3,20190712,1
116_3,20190715,1
116_3,20190716,1
116_3,20190717,1
116_3,20190718,1
116_3,20190719,1
204,20190707,1
204,20190714,1
901,20190708,1
901,20190709,1
901,20190710,1
901,20190711,1
901,20190712,1
901,20190715,1
901,20190716,1
901,20190717,1
901,20190718,1
901,20190719,1
WHF Su+Hol,20190707,1
WHF Su+Hol,20190714,1
WHF Su+Hol,20190721,1
WHF Su+Hol,20190728,1
WHF Su+Hol,20190804,1
WHF Su+Hol,20190811,1
WHF Su+Hol,20190818,1
WHF Su+Hol,20190825,1
WHF Su+Hol,20190901,1
WHF Su+Hol,20190908,1
WHF Su+Hol,20190915,1
WHF Su+Hol,20190922,1
WHF Su+Hol,20190929,1
WHF Su+Hol,20191006,1
WHF Su+Hol,20191013,1
WHF Su+Hol,20191020,1
WHF Su+Hol,20191027,1
WHF Su+Hol,20191028,1
WHF Su+Hol,20191103,1
WHF Su+Hol,20191110,1
WHF Su+Hol,20191117,1
WHF Su+Hol,20191124,1
WHF Su+Hol,20191201,1
WHF Su+Hol,20191208,1
WHF Su+Hol,20191215,1
WHF Su+Hol,20191222,1
WHF Su+Hol,20191226,1
WHF Su+Hol,20191229,1
222,20190708,1
222,20190709,1
222,20190710,1
222,20190711,1
222,20190712,1
222,20190715,1
222,20190716,1
222,20190717,1
222,20190718,1
222,20190719,1
507_1,20190713,1
507_1,20190720,1
302,20190708,1
302,20190709,1
302,20190710,1
302,20190711,1
302,20190712,1
302,20190715,1
302,20190716,1
302,20190717,1
302,20190718,1
302,20190719,1
35,20190707,1
35,20190714,1
100,20190708,1
100,20190709,1
100,20190710,1
100,20190711,1
100,20190712,1
100,20190715,1
100,20190716,1
100,20190717,1
100,20190718,1
100,20190719,1
317,20190711,1
317,20190712,1
317,20190718,1
317,20190719,1
3222,20190708,1
3222,20190709,1
3222,20190710,1
3222,20190711,1
3222,20190712,1
3222,20190715,1
3222,20190716,1
3222,20190717,1
3222,20190718,1
3222,20190719,1
2051,20190713,1
2051,20190720,1
170,20190708,1
170,20190709,1
170,20190710,1
170,20190711,1
170,20190712,1
170,20190715,1
170,20190716,1
170,20190717,1
170,20190718,1
170,20190719,1
511,20190708,1
511,20190709,1
511,20190710,1
511,20190711,1
511,20190712,1
511,20190715,1
511,20190716,1
511,20190717,1
511,20190718,1
511,20190719,1
40_1,20190708,1
40_1,20190709,1
40_1,20190710,1
40_1,20190711,1
40_1,20190712,1
40_1,20190715,1
40_1,20190716,1
40_1,20190717,1
40_1,20190718,1
40_1,20190719,1
416_1,20190713,1
416_1,20190720,1
103_3,20190708,1
103_3,20190709,1
103_3,20190710,1
103_3,20190711,1
103_3,20190712,1
103_3,20190715,1
103_3,20190716,1
103_3,20190717,1
103_3,20190718,1
103_3,20190719,1
4104,20190707,1
4104,20190714,1
3192,20190708,1
3192,20190709,1
3192,20190710,1
3192,20190711,1
3192,20190712,1
3192,20190715,1
3192,20190716,1
3192,20190717,1
3192,20190718,1
3192,20190719,1
518,20190708,1
518,20190709,1
518,20190710,1
518,20190711,1
518,20190712,1
518,20190715,1
518,20190716,1
518,20190717,1
518,20190718,1
518,20190719,1
506_2,20190707,1
506_2,20190714,1
316,20190708,1
316,20190709,1
316,20190710,1
316,20190711,1
316,20190712,1
316,20190715,1
316,20190716,1
316,20190717,1
316,20190718,1
316,20190719,1
202_4,20190713,1
202_4,20190720,1
107_3,20190708,1
107_3,20190709,1
107_3,20190710,1
107_3,20190711,1
107_3,20190712,1
107_3,20190715,1
107_3,20190716,1
107_3,20190717,1
107_3,20190718,1
107_3,20190719,1
3171,20190708,1
3171,20190709,1
3171,20190710,1
3171,20190711,1
3171,20190712,1
3171,20190715,1
3171,20190716,1
3171,20190717,1
3171,20190718,1
3171,20190719,1
206_2,20190713,1
206_2,20190720,1
132,20190708,1
132,20190709,1
132,20190710,1
132,20190711,1
132,20190712,1
132,20190715,1
132,20190716,1
132,20190717,1
132,20190718,1
132,20190719,1
114_3,20190707,1
114_3,20190714,1
313,20190708,1
313,20190709,1
313,20190710,1
313,20190711,1
313,20190712,1
313,20190715,1
313,20190716,1
313,20190717,1
313,20190718,1
313,20190719,1
206,20190708,1
206,20190709,1
206,20190710,1
206,20190711,1
206,20190712,1
206,20190715,1
206,20190716,1
206,20190717,1
206,20190718,1
206,20190719,1
117_2,20190707,1
117_2,20190714,1
111_4,20190708,1
111_4,20190709,1
111_4,20190710,1
111_4,20190711,1
111_4,20190712,1
111_4,20190715,1
111_4,20190716,1
111_4,20190717,1
111_4,20190718,1
111_4,20190719,1
602_2,20190707,1
602_2,20190714,1
25_2,20190708,1
25_2,20190709,1
25_2,20190710,1
25_2,20190711,1
25_2,20190712,1
25_2,20190715,1
25_2,20190716,1
25_2,20190717,1
25_2,20190718,1
25_2,20190719,1
113_1,20190713,1
113_1,20190720,1
501,20190708,1
501,20190709,1
501,20190710,1
501,20190711,1
501,20190712,1
501,20190715,1
501,20190716,1
501,20190717,1
501,20190718,1
501,20190719,1
11_1,20190713,1
11_1,20190720,1
417,20190708,1
417,20190709,1
417,20190710,1
417,20190711,1
417,20190712,1
417,20190715,1
417,20190716,1
417,20190717,1
417,20190718,1
417,20190719,1
45,20190708,1
45,20190709,1
45,20190710,1
45,20190711,1
45,20190712,1
45,20190715,1
45,20190716,1
45,20190717,1
45,20190718,1
45,20190719,1
510_1,20190713,1
510_1,20190720,1
221,20190708,1
221,20190709,1
221,20190710,1
221,20190711,1
221,20190712,1
221,20190715,1
221,20190716,1
221,20190717,1
221,20190718,1
221,20190719,1
407_1,20190713,1
407_1,20190720,1
608,20190708,1
608,20190709,1
608,20190710,1
608,20190711,1
608,20190712,1
608,20190715,1
608,20190716,1
608,20190717,1
608,20190718,1
608,20190719,1
32_2,20190708,1
32_2,20190709,1
32_2,20190710,1
32_2,20190711,1
32_2,20190712,1
32_2,20190715,1
32_2,20190716,1
32_2,20190717,1
32_2,20190718,1
32_2,20190719,1
402_2,20190707,1
402_2,20190714,1
171,20190708,1
171,20190709,1
171,20190710,1
171,20190711,1
171,20190712,1
171,20190715,1
171,20190716,1
171,20190717,1
171,20190718,1
171,20190719,1
18,20190707,1
18,20190714,1
106_1,20190713,1
106_1,20190720,1
161,20190708,1
161,20190709,1
161,20190710,1
161,20190711,1
161,20190712,1
161,20190715,1
161,20190716,1
161,20190717,1
161,20190718,1
161,20190719,1
307_1,20190713,1
307_1,20190720,1
36_2,20190708,1
36_2,20190709,1
36_2,20190710,1
36_2,20190711,1
36_2,20190712,1
36_2,20190715,1
36_2,20190716,1
36_2,20190717,1
36_2,20190718,1
36_2,20190719,1
1002_1,20190707,1
1002_1,20190714,1
511_1,20190713,1
511_1,20190720,1
117_3,20190708,1
117_3,20190709,1
117_3,20190710,1
117_3,20190711,1
117_3,20190712,1
117_3,20190715,1
117_3,20190716,1
117_3,20190717,1
117_3,20190718,1
117_3,20190719,1
25_1,20190713,1
25_1,20190720,1
104_3,20190708,1
104_3,20190709,1
104_3,20190710,1
104_3,20190711,1
104_3,20190712,1
104_3,20190715,1
104_3,20190716,1
104_3,20190717,1
104_3,20190718,1
104_3,20190719,1
3061,20190708,1
3061,20190709,1
3061,20190710,1
3061,20190711,1
3061,20190712,1
3061,20190715,1
3061,20190716,1
3061,20190717,1
3061,20190718,1
3061,20190719,1
302_2,20190707,1
302_2,20190714,1
509,20190708,1
509,20190709,1
509,20190710,1
509,20190711,1
509,20190712,1
509,20190715,1
509,20190716,1
509,20190717,1
509,20190718,1
509,20190719,1
3131,20190708,1
3131,20190709,1
3131,20190710,1
3131,20190711,1
3131,20190712,1
3131,20190715,1
3131,20190716,1
3131,20190717,1
3131,20190718,1
3131,20190719,1
207,20190708,1
207,20190709,1
207,20190710,1
207,20190711,1
207,20190712,1
207,20190715,1
207,20190716,1
207,20190717,1
207,20190718,1
207,20190719,1
201_4,20190713,1
201_4,20190720,1
213,20190708,1
213,20190709,1
213,20190710,1
213,20190711,1
213,20190712,1
213,20190715,1
213,20190716,1
213,20190717,1
213,20190718,1
213,20190719,1
31,20190707,1
31,20190714,1
207_1,20190708,1
207_1,20190709,1
207_1,20190710,1
207_1,20190711,1
207_1,20190712,1
207_1,20190715,1
207_1,20190716,1
207_1,20190717,1
207_1,20190718,1
207_1,20190719,1
3062,20190708,1
3062,20190709,1
3062,20190710,1
3062,20190711,1
3062,20190712,1
3062,20190715,1
3062,20190716,1
3062,20190717,1
3062,20190718,1
3062,20190719,1
513,20190708,1
513,20190709,1
513,20190710,1
513,20190711,1
513,20190712,1
513,20190715,1
513,20190716,1
513,20190717,1
513,20190718,1
513,20190719,1
11,20190707,1
11,20190714,1
166,20190708,1
166,20190709,1
166,20190710,1
166,20190711,1
166,20190712,1
166,20190715,1
166,20190716,1
166,20190717,1
166,20190718,1
166,20190719,1
4705,20190713,1
4705,20190720,1
35_2,20190708,1
35_2,20190709,1
35_2,20190710,1
35_2,20190711,1
35_2,20190712,1
35_2,20190715,1
35_2,20190716,1
35_2,20190717,1
35_2,20190718,1
35_2,20190719,1
7_1,20190713,1
7_1,20190720,1
2041,20190713,1
2041,20190720,1
134,20190708,1
134,20190709,1
134,20190710,1
134,20190711,1
134,20190712,1
134,20190715,1
134,20190716,1
134,20190717,1
134,20190718,1
134,20190719,1
1,20190707,1
1,20190714,1
105_1,20190713,1
105_1,20190720,1
22,20190707,1
22,20190714,1
106,20190708,1
106,20190709,1
106,20190710,1
106,20190711,1
106,20190712,1
106,20190715,1
106,20190716,1
106,20190717,1
106,20190718,1
106,20190719,1
4703,20190713,1
4703,20190720,1
209_2,20190713,1
209_2,20190720,1
3152,20190708,1
3152,20190709,1
3152,20190710,1
3152,20190711,1
3152,20190712,1
3152,20190715,1
3152,20190716,1
3152,20190717,1
3152,20190718,1
3152,20190719,1
10_2,20190708,1
10_2,20190709,1
10_2,20190710,1
10_2,20190711,1
10_2,20190712,1
10_2,20190715,1
10_2,20190716,1
10_2,20190717,1
10_2,20190718,1
10_2,20190719,1
405_1,20190713,1
405_1,20190720,1
19_1,20190713,1
19_1,20190720,1
201_5,20190708,1
201_5,20190709,1
201_5,20190710,1
201_5,20190711,1
201_5,20190712,1
201_5,20190715,1
201_5,20190716,1
201_5,20190717,1
201_5,20190718,1
201_5,20190719,1
1071,20190707,1
1071,20190714,1
205_3,20190707,1
205_3,20190714,1
504_2,20190707,1
504_2,20190714,1
413,20190708,1
413,20190709,1
413,20190710,1
413,20190711,1
413,20190712,1
413,20190715,1
413,20190716,1
413,20190717,1
413,20190718,1
413,20190719,1
2_2,20190708,1
2_2,20190709,1
2_2,20190710,1
2_2,20190711,1
2_2,20190712,1
2_2,20190715,1
2_2,20190716,1
2_2,20190717,1
2_2,20190718,1
2_2,20190719,1
519,20190708,1
519,20190709,1
519,20190710,1
519,20190711,1
519,20190712,1
519,20190715,1
519,20190716,1
519,20190717,1
519,20190718,1
519,20190719,1
4701,20190713,1
4701,20190720,1
421,20190708,1
421,20190709,1
421,20190710,1
421,20190711,1
421,20190712,1
421,20190715,1
421,20190716,1
421,20190717,1
421,20190718,1
421,20190719,1
102_2,20190707,1
102_2,20190714,1
0585,20190708,1
0585,20190709,1
0585,20190710,1
0585,20190711,1
0585,20190712,1
0585,20190715,1
0585,20190716,1
0585,20190717,1
0585,20190718,1
0585,20190719,1
Rail Sa-XSun,20190713,1
Rail Sa-XSun,20190720,1
Rail Sa-XSun,20190727,1
Rail Sa-XSun,20190803,1
Rail Sa-XSun,20190810,1
Rail Sa-XSun,20190817,1
Rail Sa-XSun,20190824,1
Rail Sa-XSun,20190831,1
Rail Sa-XSun,20190907,1
Rail Sa-XSun,20190914,1
Rail Sa-XSun,20190921,1
Rail Sa-XSun,20190928,1
Rail Sa-XSun,20191005,1
Rail Sa-XSun,20191012,1
Rail Sa-XSun,20191019,1
Rail Sa-XSun,20191026,1
Rail Sa-XSun,20191102,1
Rail Sa-XSun,20191109,1
Rail Sa-XSun,20191116,1
Rail Sa-XSun,20191123,1
Rail Sa-XSun,20191130,1
Rail Sa-XSun,20191207,1
Rail Sa-XSun,20191214,1
Rail Sa-XSun,20191221,1
Rail Sa-XSun,20191227,1
Rail Sa-XSun,20191228,1
Rail Sa-XSun,20191230,1
Rail Sa-XSun,20191231,1
205,20190707,1
205,20190714,1
3_2,20190708,1
3_2,20190709,1
3_2,20190710,1
3_2,20190711,1
3_2,20190712,1
3_2,20190715,1
3_2,20190716,1
3_2,20190717,1
3_2,20190718,1
3_2,20190719,1
504,20190708,1
504,20190709,1
504,20190710,1
504,20190711,1
504,20190712,1
504,20190715,1
504,20190716,1
504,20190717,1
504,20190718,1
504,20190719,1
14_1,20190713,1
14_1,20190720,1
112_3,20190708,1
112_3,20190709,1
112_3,20190710,1
112_3,20190711,1
112_3,20190712,1
112_3,20190715,1
112_3,20190716,1
112_3,20190717,1
112_3,20190718,1
112_3,20190719,1
2012,20190713,1
2012,20190720,1
37_1,20190713,1
37_1,20190720,1
167,20190708,1
167,20190709,1
167,20190710,1
167,20190711,1
167,20190712,1
167,20190715,1
167,20190716,1
167,20190717,1
167,20190718,1
167,20190719,1
56,20190708,1
56,20190709,1
56,20190710,1
56,20190711,1
56,20190712,1
56,20190715,1
56,20190716,1
56,20190717,1
56,20190718,1
56,20190719,1
1_2,20190708,1
1_2,20190709,1
1_2,20190710,1
1_2,20190711,1
1_2,20190712,1
1_2,20190715,1
1_2,20190716,1
1_2,20190717,1
1_2,20190718,1
1_2,20190719,1
24,20190707,1
24,20190714,1
1313_1,20190708,1
1313_1,20190710,1
1313_1,20190715,1
1313_1,20190717,1
401,20190708,1
401,20190709,1
401,20190710,1
401,20190711,1
401,20190712,1
401,20190715,1
401,20190716,1
401,20190717,1
401,20190718,1
401,20190719,1
15_1,20190713,1
15_1,20190720,1
3042,20190708,1
3042,20190709,1
3042,20190710,1
3042,20190711,1
3042,20190712,1
3042,20190715,1
3042,20190716,1
3042,20190717,1
3042,20190718,1
3042,20190719,1
2081,20190713,1
2081,20190720,1
128,20190708,1
128,20190709,1
128,20190710,1
128,20190711,1
128,20190712,1
128,20190715,1
128,20190716,1
128,20190717,1
128,20190718,1
128,20190719,1
55,20190708,1
55,20190709,1
55,20190710,1
55,20190711,1
55,20190712,1
55,20190715,1
55,20190716,1
55,20190717,1
55,20190718,1
55,20190719,1
2061,20190713,1
2061,20190720,1
5_2,20190708,1
5_2,20190709,1
5_2,20190710,1
5_2,20190711,1
5_2,20190712,1
5_2,20190715,1
5_2,20190716,1
5_2,20190717,1
5_2,20190718,1
5_2,20190719,1
1212,20190709,1
1212,20190711,1
1212,20190712,1
1212,20190716,1
1212,20190718,1
1212,20190719,1
109_2,20190707,1
109_2,20190714,1
101_1,20190713,1
101_1,20190720,1
32,20190707,1
32,20190714,1
603_2,20190707,1
603_2,20190714,1
2042,20190713,1
2042,20190720,1
120,20190708,1
120,20190709,1
120,20190710,1
120,20190711,1
120,20190712,1
120,20190715,1
120,20190716,1
120,20190717,1
120,20190718,1
120,20190719,1
110,20190708,1
110,20190709,1
110,20190710,1
110,20190711,1
110,20190712,1
110,20190715,1
110,20190716,1
110,20190717,1
110,20190718,1
110,20190719,1
206_3,20190707,1
206_3,20190714,1
0606_1,20190708,1
0606_1,20190709,1
0606_1,20190710,1
0606_1,20190711,1
0606_1,20190712,1
0606_1,20190715,1
0606_1,20190716,1
0606_1,20190717,1
0606_1,20190718,1
0606_1,20190719,1
114,20190708,1
114,20190709,1
114,20190710,1
114,20190711,1
114,20190712,1
114,20190715,1
114,20190716,1
114,20190717,1
114,20190718,1
114,20190719,1
151,20190708,1
151,20190709,1
151,20190710,1
151,20190711,1
151,20190712,1
151,20190715,1
151,20190716,1
151,20190717,1
151,20190718,1
151,20190719,1
402,20190708,1
402,20190709,1
402,20190710,1
402,20190711,1
402,20190712,1
402,20190715,1
402,20190716,1
402,20190717,1
402,20190718,1
402,20190719,1
416,20190708,1
416,20190709,1
416,20190710,1
416,20190711,1
416,20190712,1
416,20190715,1
416,20190716,1
416,20190717,1
416,20190718,1
416,20190719,1
701,20190708,1
701,20190709,1
701,20190710,1
701,20190711,1
701,20190712,1
701,20190715,1
701,20190716,1
701,20190717,1
701,20190718,1
701,20190719,1
306_1,20190708,1
306_1,20190709,1
306_1,20190710,1
306_1,20190715,1
306_1,20190716,1
306_1,20190717,1
409,20190708,1
409,20190709,1
409,20190710,1
409,20190711,1
409,20190712,1
409,20190715,1
409,20190716,1
409,20190717,1
409,20190718,1
409,20190719,1
0808,20190708,1
0808,20190709,1
0808,20190710,1
0808,20190711,1
0808,20190712,1
0808,20190715,1
0808,20190716,1
0808,20190717,1
0808,20190718,1
0808,20190719,1
9,20190707,1
9,20190714,1
301,20190708,1
301,20190709,1
301,20190710,1
301,20190711,1
301,20190712,1
301,20190715,1
301,20190716,1
301,20190717,1
301,20190718,1
301,20190719,1
3081,20190708,1
3081,20190709,1
3081,20190710,1
3081,20190711,1
3081,20190712,1
3081,20190715,1
3081,20190716,1
3081,20190717,1
3081,20190718,1
3081,20190719,1
2112,20190713,1
2112,20190720,1
4102,20190707,1
4102,20190714,1
1001_1,20190713,1
1001_1,20190720,1
418_1,20190713,1
418_1,20190720,1
408_1,20190713,1
408_1,20190720,1
22_2,20190708,1
22_2,20190709,1
22_2,20190710,1
22_2,20190711,1
22_2,20190712,1
22_2,20190715,1
22_2,20190716,1
22_2,20190717,1
22_2,20190718,1
22_2,20190719,1
2071,20190713,1
2071,20190720,1
202_2,20190713,1
202_2,20190720,1
601,20190708,1
601,20190709,1
601,20190710,1
601,20190711,1
601,20190712,1
601,20190715,1
601,20190716,1
601,20190717,1
601,20190718,1
601,20190719,1
1305,20190708,1
1305,20190709,1
1305,20190710,1
1305,20190711,1
1305,20190712,1
1305,20190715,1
1305,20190716,1
1305,20190717,1
1305,20190718,1
1305,20190719,1
CCL MTuWThF-XHol-Xmas,20190708,1
CCL MTuWThF-XHol-Xmas,20190709,1
CCL MTuWThF-XHol-Xmas,20190710,1
CCL MTuWThF-XHol-Xmas,20190711,1
CCL MTuWThF-XHol-Xmas,20190712,1
CCL MTuWThF-XHol-Xmas,20190715,1
CCL MTuWThF-XHol-Xmas,20190716,1
CCL MTuWThF-XHol-Xmas,20190717,1
CCL MTuWThF-XHol-Xmas,20190718,1
CCL MTuWThF-XHol-Xmas,20190719,1
CCL MTuWThF-XHol-Xmas,20190722,1
CCL MTuWThF-XHol-Xmas,20190723,1
CCL MTuWThF-XHol-Xmas,20190724,1
CCL MTuWThF-XHol-Xmas,20190725,1
CCL MTuWThF-XHol-Xmas,20190726,1
CCL MTuWThF-XHol-Xmas,20190729,1
CCL MTuWThF-XHol-Xmas,20190730,1
CCL MTuWThF-XHol-Xmas,20190731,1
CCL MTuWThF-XHol-Xmas,20190801,1
CCL MTuWThF-XHol-Xmas,20190802,1
CCL MTuWThF-XHol-Xmas,20190805,1
CCL MTuWThF-XHol-Xmas,20190806,1
CCL MTuWThF-XHol-Xmas,20190807,1
CCL MTuWThF-XHol-Xmas,20190808,1
CCL MTuWThF-XHol-Xmas,20190809,1
CCL MTuWThF-XHol-Xmas,20190812,1
CCL MTuWThF-XHol-Xmas,20190813,1
CCL MTuWThF-XHol-Xmas,20190814,1
CCL MTuWThF-XHol-Xmas,20190815,1
CCL MTuWThF-XHol-Xmas,20190816,1
CCL MTuWThF-XHol-Xmas,20190819,1
CCL MTuWThF-XHol-Xmas,20190820,1
CCL MTuWThF-XHol-Xmas,20190821,1
CCL MTuWThF-XHol-Xmas,20190822,1
CCL MTuWThF-XHol-Xmas,20190823,1
CCL MTuWThF-XHol-Xmas,20190826,1
CCL MTuWThF-XHol-Xmas,20190827,1
CCL MTuWThF-XHol-Xmas,20190828,1
CCL MTuWThF-XHol-Xmas,20190829,1
CCL MTuWThF-XHol-Xmas,20190830,1
CCL MTuWThF-XHol-Xmas,20190902,1
CCL MTuWThF-XHol-Xmas,20190903,1
CCL MTuWThF-XHol-Xmas,20190904,1
CCL MTuWThF-XHol-Xmas,20190905,1
CCL MTuWThF-XHol-Xmas,20190906,1
CCL MTuWThF-XHol-Xmas,20190909,1
CCL MTuWThF-XHol-Xmas,20190910,1
CCL MTuWThF-XHol-Xmas,20190911,1
CCL MTuWThF-XHol-Xmas,20190912,1
CCL MTuWThF-XHol-Xmas,20190913,1
CCL MTuWThF-XHol-Xmas,20190916,1
CCL MTuWThF-XHol-Xmas,20190917,1
CCL MTuWThF-XHol-Xmas,20190918,1
CCL MTuWThF-XHol-Xmas,20190919,1
CCL MTuWThF-XHol-Xmas,20190920,1
CCL MTuWThF-XHol-Xmas,20190923,1
CCL MTuWThF-XHol-Xmas,20190924,1
CCL MTuWThF-XHol-Xmas,20190925,1
CCL MTuWThF-XHol-Xmas,20190926,1
CCL MTuWThF-XHol-Xmas,20190927,1
CCL MTuWThF-XHol-Xmas,20190930,1
CCL MTuWThF-XHol-Xmas,20191001,1
CCL MTuWThF-XHol-Xmas,20191002,1
CCL MTuWThF-XHol-Xmas,20191003,1
CCL MTuWThF-XHol-Xmas,20191004,1
CCL MTuWThF-XHol-Xmas,20191007,1
CCL MTuWThF-XHol-Xmas,20191008,1
CCL MTuWThF-XHol-Xmas,20191009,1
CCL MTuWThF-XHol-Xmas,20191010,1
CCL MTuWThF-XHol-Xmas,20191011,1
CCL MTuWThF-XHol-Xmas,20191014,1
CCL MTuWThF-XHol-Xmas,20191015,1
CCL MTuWThF-XHol-Xmas,20191016,1
CCL MTuWThF-XHol-Xmas,20191017,1
CCL MTuWThF-XHol-Xmas,20191018,1
CCL MTuWThF-XHol-Xmas,20191021,1
CCL MTuWThF-XHol-Xmas,20191022,1
CCL MTuWThF-XHol-Xmas,20191023,1
CCL MTuWThF-XHol-Xmas,20191024,1
CCL MTuWThF-XHol-Xmas,20191025,1
CCL MTuWThF-XHol-Xmas,20191029,1
CCL MTuWThF-XHol-Xmas,20191030,1
CCL MTuWThF-XHol-Xmas,20191031,1
CCL MTuWThF-XHol-Xmas,20191101,1
CCL MTuWThF-XHol-Xmas,20191104,1
CCL MTuWThF-XHol-Xmas,20191105,1
CCL MTuWThF-XHol-Xmas,20191106,1
CCL MTuWThF-XHol-Xmas,20191107,1
CCL MTuWThF-XHol-Xmas,20191108,1
CCL MTuWThF-XHol-Xmas,20191111,1
CCL MTuWThF-XHol-Xmas,20191112,1
CCL MTuWThF-XHol-Xmas,20191113,1
CCL MTuWThF-XHol-Xmas,20191114,1
CCL MTuWThF-XHol-Xmas,20191115,1
CCL MTuWThF-XHol-Xmas,20191118,1
CCL MTuWThF-XHol-Xmas,20191119,1
CCL MTuWThF-XHol-Xmas,20191120,1
CCL MTuWThF-XHol-Xmas,20191121,1
CCL MTuWThF-XHol-Xmas,20191122,1
CCL MTuWThF-XHol-Xmas,20191125,1
CCL MTuWThF-XHol-Xmas,20191126,1
CCL MTuWThF-XHol-Xmas,20191127,1
CCL MTuWThF-XHol-Xmas,20191128,1
CCL MTuWThF-XHol-Xmas,20191129,1
CCL MTuWThF-XHol-Xmas,20191202,1
CCL MTuWThF-XHol-Xmas,20191203,1
CCL MTuWThF-XHol-Xmas,20191204,1
CCL MTuWThF-XHol-Xmas,20191205,1
CCL MTuWThF-XHol-Xmas,20191206,1
CCL MTuWThF-XHol-Xmas,20191209,1
CCL MTuWThF-XHol-Xmas,20191210,1
CCL MTuWThF-XHol-Xmas,20191211,1
CCL MTuWThF-XHol-Xmas,20191212,1
CCL MTuWThF-XHol-Xmas,20191213,1
CCL MTuWThF-XHol-Xmas,20191216,1
CCL MTuWThF-XHol-Xmas,20191217,1
CCL MTuWThF-XHol-Xmas,20191218,1
CCL MTuWThF-XHol-Xmas,20191219,1
CCL MTuWThF-XHol-Xmas,20191220,1
CCL MTuWThF-XHol-Xmas,20191223,1
CCL MTuWThF-XHol-Xmas,20191224,1
CCL MTuWThF-XHol-Xmas,20191227,1
CCL MTuWThF-XHol-Xmas,20191230,1
CCL MTuWThF-XHol-Xmas,20191231,1
512_1,20190713,1
512_1,20190720,1
203_4,20190713,1
203_4,20190720,1
215,20190708,1
215,20190709,1
215,20190710,1
215,20190711,1
215,20190712,1
215,20190715,1
215,20190716,1
215,20190717,1
215,20190718,1
215,20190719,1
109_3,20190708,1
109_3,20190709,1
109_3,20190710,1
109_3,20190711,1
109_3,20190712,1
109_3,20190715,1
109_3,20190716,1
109_3,20190717,1
109_3,20190718,1
109_3,20190719,1
1212_1,20190708,1
1212_1,20190710,1
1212_1,20190715,1
1212_1,20190717,1
0202,20190708,1
0202,20190709,1
0202,20190710,1
0202,20190711,1
0202,20190712,1
0202,20190715,1
0202,20190716,1
0202,20190717,1
0202,20190718,1
0202,20190719,1
203_3,20190707,1
203_3,20190714,1
402_1,20190713,1
402_1,20190720,1
MTuWThF-Sch,20190722,1
MTuWThF-Sch,20190723,1
MTuWThF-Sch,20190724,1
MTuWThF-Sch,20190725,1
MTuWThF-Sch,20190726,1
MTuWThF-Sch,20190729,1
MTuWThF-Sch,20190730,1
MTuWThF-Sch,20190731,1
MTuWThF-Sch,20190801,1
MTuWThF-Sch,20190802,1
MTuWThF-Sch,20190805,1
MTuWThF-Sch,20190806,1
MTuWThF-Sch,20190807,1
MTuWThF-Sch,20190808,1
MTuWThF-Sch,20190809,1
MTuWThF-Sch,20190812,1
MTuWThF-Sch,20190813,1
MTuWThF-Sch,20190814,1
MTuWThF-Sch,20190815,1
MTuWThF-Sch,20190816,1
MTuWThF-Sch,20190819,1
MTuWThF-Sch,20190820,1
MTuWThF-Sch,20190821,1
MTuWThF-Sch,20190822,1
MTuWThF-Sch,20190823,1
MTuWThF-Sch,20190826,1
MTuWThF-Sch,20190827,1
MTuWThF-Sch,20190828,1
MTuWThF-Sch,20190829,1
MTuWThF-Sch,20190830,1
MTuWThF-Sch,20190902,1
MTuWThF-Sch,20190903,1
MTuWThF-Sch,20190904,1
MTuWThF-Sch,20190905,1
MTuWThF-Sch,20190906,1
MTuWThF-Sch,20190909,1
MTuWThF-Sch,20190910,1
MTuWThF-Sch,20190911,1
MTuWThF-Sch,20190912,1
MTuWThF-Sch,20190913,1
MTuWThF-Sch,20190916,1
MTuWThF-Sch,20190917,1
MTuWThF-Sch,20190918,1
MTuWThF-Sch,20190919,1
MTuWThF-Sch,20190920,1
MTuWThF-Sch,20190923,1
MTuWThF-Sch,20190924,1
MTuWThF-Sch,20190925,1
MTuWThF-Sch,20190926,1
MTuWThF-Sch,20190927,1
MTuWThF-Sch,20191014,1
MTuWThF-Sch,20191015,1
MTuWThF-Sch,20191016,1
MTuWThF-Sch,20191017,1
MTuWThF-Sch,20191018,1
MTuWThF-Sch,20191021,1
MTuWThF-Sch,20191022,1
MTuWThF-Sch,20191023,1
MTuWThF-Sch,20191024,1
MTuWThF-Sch,20191025,1
MTuWThF-Sch,20191029,1
MTuWThF-Sch,20191030,1
MTuWThF-Sch,20191031,1
MTuWThF-Sch,20191101,1
MTuWThF-Sch,20191104,1
MTuWThF-Sch,20191105,1
MTuWThF-Sch,20191106,1
MTuWThF-Sch,20191107,1
MTuWThF-Sch,20191108,1
MTuWThF-Sch,20191111,1
MTuWThF-Sch,20191112,1
MTuWThF-Sch,20191113,1
MTuWThF-Sch,20191114,1
MTuWThF-Sch,20191115,1
MTuWThF-Sch,20191118,1
MTuWThF-Sch,20191119,1
MTuWThF-Sch,20191120,1
MTuWThF-Sch,20191121,1
MTuWThF-Sch,20191122,1
MTuWThF-Sch,20191125,1
MTuWThF-Sch,20191126,1
MTuWThF-Sch,20191127,1
MTuWThF-Sch,20191128,1
MTuWThF-Sch,20191129,1
MTuWThF-Sch,20191202,1
MTuWThF-Sch,20191203,1
MTuWThF-Sch,20191204,1
MTuWThF-Sch,20191205,1
MTuWThF-Sch,20191206,1
MTuWThF-Sch,20191209,1
MTuWThF-Sch,20191210,1
MTuWThF-Sch,20191211,1
MTuWThF-Sch,20191212,1
MTuWThF-Sch,20191213,1
MTuWThF-Sch,20191216,1
MTuWThF-Sch,20191217,1
MTuWThF-Sch,20191218,1
MTuWThF-Sch,20191219,1
MTuWThF-Sch,20191220,1
116_1,20190713,1
116_1,20190720,1
4706,20190713,1
4706,20190720,1
28,20190707,1
28,20190714,1
