service_id,monday,tuesday,wednesday,thursday,friday,saturday,sunday,start_date,end_date
201_5_1,0,0,0,0,0,0,0,20180930,20181013
12_4_1,0,0,0,0,0,0,0,20180930,20181013
305_3_1,0,0,0,0,0,0,0,20180930,20181013
140_1_1,0,0,0,0,0,0,0,20180930,20181013
3151_1,0,0,0,0,0,0,0,20180930,20181013
208_5_1,0,0,0,0,0,0,0,20180930,20181013
0585_1,0,0,0,0,0,0,0,20180930,20181013
27_4_1,0,0,0,0,0,0,0,20180930,20181013
3123_1,0,0,0,0,0,0,0,20180930,20181013
112_3_1,0,0,0,0,0,0,0,20180930,20181013
17_4_1,0,0,0,0,0,0,0,20180930,20181013
301_5_1,0,0,0,0,0,0,0,20180930,20181013
10_4_1,0,0,0,0,0,0,0,20180930,20181013
509_2_1,0,0,0,0,0,0,0,20180930,20181013
0606_1,0,0,0,0,0,0,0,20180930,20181013
103_3_1,0,0,0,0,0,0,0,20180930,20181013
317_1_1,0,0,0,0,0,0,0,20180930,20181013
111_5_1,0,0,0,0,0,0,0,20180930,20181013
418_2_1,0,0,0,0,0,0,0,20180930,20181013
227_1_1,0,0,0,0,0,0,0,20180930,20181013
401_4_1,0,0,0,0,0,0,0,20180930,20181013
1072_1,0,0,0,0,0,0,0,20180930,20181013
305_2_1,0,0,0,0,0,0,0,20180930,20181013
229_1_1,0,0,0,0,0,0,0,20180930,20181013
204_6_1,0,0,0,0,0,0,0,20180930,20181013
206_6_1,0,0,0,0,0,0,0,20180930,20181013
107_5_1,0,0,0,0,0,0,0,20180930,20181013
518_1_1,0,0,0,0,0,0,0,20180930,20181013
212_6_1,0,0,0,0,0,0,0,20180930,20181013
35_2_1,0,0,0,0,0,0,0,20180930,20181013
1393_1,0,0,0,0,0,0,0,20180930,20181013
14_3_1,0,0,0,0,0,0,0,20180930,20181013
306_1_1,0,0,0,0,0,0,0,20180930,20181013
501_3_1,0,0,0,0,0,0,0,20180930,20181013
107_4_1,0,0,0,0,0,0,0,20180930,20181013
512_3_1,0,0,0,0,0,0,0,20180930,20181013
MTuWThF-Sch_1,0,0,0,0,0,0,0,20180930,20181013
3221_1,0,0,0,0,0,0,0,20180930,20181013
300_5_1,0,0,0,0,0,0,0,20180930,20181013
109_4_1,0,0,0,0,0,0,0,20180930,20181013
19_3_1,0,0,0,0,0,0,0,20180930,20181013
306_6_1,0,0,0,0,0,0,0,20180930,20181013
113_5_1,0,0,0,0,0,0,0,20180930,20181013
26_3_1,0,0,0,0,0,0,0,20180930,20181013
401_5_1,0,0,0,0,0,0,0,20180930,20181013
3052_1,0,0,0,0,0,0,0,20180930,20181013
407_5_1,0,0,0,0,0,0,0,20180930,20181013
420_1_1,0,0,0,0,0,0,0,20180930,20181013
7_5_1,0,0,0,0,0,0,0,20180930,20181013
136_1_1,0,0,0,0,0,0,0,20180930,20181013
210_4_1,0,0,0,0,0,0,0,20180930,20181013
905_3_1,0,0,0,0,0,0,0,20180930,20181013
39_1_1,0,0,0,0,0,0,0,20180930,20181013
207_4_1,0,0,0,0,0,0,0,20180930,20181013
134_1_1,0,0,0,0,0,0,0,20180930,20181013
301_4_1,0,0,0,0,0,0,0,20180930,20181013
32_2_1,0,0,0,0,0,0,0,20180930,20181013
17_3_1,0,0,0,0,0,0,0,20180930,20181013
611_1_1,0,0,0,0,0,0,0,20180930,20181013
24_5_1,0,0,0,0,0,0,0,20180930,20181013
507_3_1,0,0,0,0,0,0,0,20180930,20181013
3222_1,0,0,0,0,0,0,0,20180930,20181013
1001_3_1,0,0,0,0,0,0,0,20180930,20181013
101_3_1,0,0,0,0,0,0,0,20180930,20181013
4_4_1,0,0,0,0,0,0,0,20180930,20181013
232_1_1,0,0,0,0,0,0,0,20180930,20181013
405_3_1,0,0,0,0,0,0,0,20180930,20181013
5_3_1,0,0,0,0,0,0,0,20180930,20181013
3192_1,0,0,0,0,0,0,0,20180930,20181013
36_2_1,0,0,0,0,0,0,0,20180930,20181013
235_1_1,0,0,0,0,0,0,0,20180930,20181013
201_4_1,0,0,0,0,0,0,0,20180930,20181013
3082_1,0,0,0,0,0,0,0,20180930,20181013
3042_1,0,0,0,0,0,0,0,20180930,20181013
4102_1_1,0,0,0,0,0,0,0,20180930,20181013
505_3_1,0,0,0,0,0,0,0,20180930,20181013
205_6_1,0,0,0,0,0,0,0,20180930,20181013
214_3_1,0,0,0,0,0,0,0,20180930,20181013
7_4_1,0,0,0,0,0,0,0,20180930,20181013
3101_1,0,0,0,0,0,0,0,20180930,20181013
132_1_1,0,0,0,0,0,0,0,20180930,20181013
6_4_1,0,0,0,0,0,0,0,20180930,20181013
214_1_1,0,0,0,0,0,0,0,20180930,20181013
311_3_1,0,0,0,0,0,0,0,20180930,20181013
510_3_1,0,0,0,0,0,0,0,20180930,20181013
33_1,0,0,0,0,0,0,0,20180930,20181013
SaSu+Hol_1,0,0,0,0,0,0,0,20180930,20181013
200_1_1,0,0,0,0,0,0,0,20180930,20181013
16_3_1,0,0,0,0,0,0,0,20180930,20181013
3102_1,0,0,0,0,0,0,0,20180930,20181013
2101_1,0,0,0,0,0,0,0,20180930,20181013
12_3_1,0,0,0,0,0,0,0,20180930,20181013
3112_1,0,0,0,0,0,0,0,20180930,20181013
3182_1,0,0,0,0,0,0,0,20180930,20181013
34_1_1,0,0,0,0,0,0,0,20180930,20181013
604_3_1,0,0,0,0,0,0,0,20180930,20181013
506_5_1,0,0,0,0,0,0,0,20180930,20181013
0404_1,0,0,0,0,0,0,0,20180930,20181013
603_3_1,0,0,0,0,0,0,0,20180930,20181013
212_5_1,0,0,0,0,0,0,0,20180930,20181013
3091_1,0,0,0,0,0,0,0,20180930,20181013
32_3_1,0,0,0,0,0,0,0,20180930,20181013
314_4_1,0,0,0,0,0,0,0,20180930,20181013
103_5_1,0,0,0,0,0,0,0,20180930,20181013
237_2_1,0,0,0,0,0,0,0,20180930,20181013
3121_1,0,0,0,0,0,0,0,20180930,20181013
0707_1,0,0,0,0,0,0,0,20180930,20181013
24_3_1,0,0,0,0,0,0,0,20180930,20181013
211_6_1,0,0,0,0,0,0,0,20180930,20181013
602_3_1,0,0,0,0,0,0,0,20180930,20181013
36_1_1,0,0,0,0,0,0,0,20180930,20181013
401_3_1,0,0,0,0,0,0,0,20180930,20181013
210_6_1,0,0,0,0,0,0,0,20180930,20181013
23_4_1,0,0,0,0,0,0,0,20180930,20181013
8_3_1,0,0,0,0,0,0,0,20180930,20181013
415_2_1,0,0,0,0,0,0,0,20180930,20181013
W-Sch_1,0,0,0,0,0,0,0,20180930,20181013
216_1_1,0,0,0,0,0,0,0,20180930,20181013
902_4_1,0,0,0,0,0,0,0,20180930,20181013
3031_1,0,0,0,0,0,0,0,20180930,20181013
2091_1,0,0,0,0,0,0,0,20180930,20181013
411_3_1,0,0,0,0,0,0,0,20180930,20181013
2062_1,0,0,0,0,0,0,0,20180930,20181013
3171_1,0,0,0,0,0,0,0,20180930,20181013
120_3_1,0,0,0,0,0,0,0,20180930,20181013
2042_1,0,0,0,0,0,0,0,20180930,20181013
MTuThF-Sch_1,0,0,0,0,0,0,0,20180930,20181013
2081_1,0,0,0,0,0,0,0,20180930,20181013
Sa_1,0,0,0,0,0,0,0,20180930,20181013
36_1,0,0,0,0,0,0,0,20180930,20181013
13_5_1,0,0,0,0,0,0,0,20180930,20181013
22_5_1,0,0,0,0,0,0,0,20180930,20181013
29_3_1,0,0,0,0,0,0,0,20180930,20181013
15_5_1,0,0,0,0,0,0,0,20180930,20181013
35_1_1,0,0,0,0,0,0,0,20180930,20181013
1001_5_1,0,0,0,0,0,0,0,20180930,20181013
901_4_1,0,0,0,0,0,0,0,20180930,20181013
207_1_1,0,0,0,0,0,0,0,20180930,20181013
408_2_1,0,0,0,0,0,0,0,20180930,20181013
250_1_1,0,0,0,0,0,0,0,20180930,20181013
15_3_1,0,0,0,0,0,0,0,20180930,20181013
301_6_1,0,0,0,0,0,0,0,20180930,20181013
4101_1_1,0,0,0,0,0,0,0,20180930,20181013
3201_1,0,0,0,0,0,0,0,20180930,20181013
403_4_1,0,0,0,0,0,0,0,20180930,20181013
904_3_1,0,0,0,0,0,0,0,20180930,20181013
3061_1,0,0,0,0,0,0,0,20180930,20181013
3162_1,0,0,0,0,0,0,0,20180930,20181013
417_3_1,0,0,0,0,0,0,0,20180930,20181013
206_1_1,0,0,0,0,0,0,0,20180930,20181013
53_1,0,0,0,0,0,0,0,20180930,20181013
1111_1,0,0,0,0,0,0,0,20180930,20181013
514_3_1,0,0,0,0,0,0,0,20180930,20181013
203_1_1,0,0,0,0,0,0,0,20180930,20181013
901_5_1,0,0,0,0,0,0,0,20180930,20181013
1212_1_1,0,0,0,0,0,0,0,20180930,20181013
438_1_1,0,0,0,0,0,0,0,20180930,20181013
906_4_1,0,0,0,0,0,0,0,20180930,20181013
503_4_1,0,0,0,0,0,0,0,20180930,20181013
232_2_1,0,0,0,0,0,0,0,20180930,20181013
205_4_1,0,0,0,0,0,0,0,20180930,20181013
221_1_1,0,0,0,0,0,0,0,20180930,20181013
418_3_1,0,0,0,0,0,0,0,20180930,20181013
4_3_1,0,0,0,0,0,0,0,20180930,20181013
26_4_1,0,0,0,0,0,0,0,20180930,20181013
110_4_1,0,0,0,0,0,0,0,20180930,20181013
30_3_1,0,0,0,0,0,0,0,20180930,20181013
3152_1,0,0,0,0,0,0,0,20180930,20181013
506_3_1,0,0,0,0,0,0,0,20180930,20181013
419_2_1,0,0,0,0,0,0,0,20180930,20181013
520_3_1,0,0,0,0,0,0,0,20180930,20181013
0606_1_1,0,0,0,0,0,0,0,20180930,20181013
3072_1,0,0,0,0,0,0,0,20180930,20181013
33_2_1,0,0,0,0,0,0,0,20180930,20181013
9_4_1,0,0,0,0,0,0,0,20180930,20181013
502_3_1,0,0,0,0,0,0,0,20180930,20181013
3142_1,0,0,0,0,0,0,0,20180930,20181013
245_1_1,0,0,0,0,0,0,0,20180930,20181013
208_4_1,0,0,0,0,0,0,0,20180930,20181013
111_3_1,0,0,0,0,0,0,0,20180930,20181013
310_1_1,0,0,0,0,0,0,0,20180930,20181013
403_3_1,0,0,0,0,0,0,0,20180930,20181013
702_1,0,0,0,0,0,0,0,20180930,20181013
1_6_1,0,0,0,0,0,0,0,20180930,20181013
209_5_1,0,0,0,0,0,0,0,20180930,20181013
505_5_1,0,0,0,0,0,0,0,20180930,20181013
116_3_1,0,0,0,0,0,0,0,20180930,20181013
801_1_1,0,0,0,0,0,0,0,20180930,20181013
109_3_1,0,0,0,0,0,0,0,20180930,20181013
213_1_1,0,0,0,0,0,0,0,20180930,20181013
122_2_1,0,0,0,0,0,0,0,20180930,20181013
3232_1,0,0,0,0,0,0,0,20180930,20181013
419_3_1,0,0,0,0,0,0,0,20180930,20181013
307_1_1,0,0,0,0,0,0,0,20180930,20181013
106_3_1,0,0,0,0,0,0,0,20180930,20181013
504_4_1,0,0,0,0,0,0,0,20180930,20181013
104_6_1,0,0,0,0,0,0,0,20180930,20181013
4104_1_1,0,0,0,0,0,0,0,20180930,20181013
407_3_1,0,0,0,0,0,0,0,20180930,20181013
116_5_1,0,0,0,0,0,0,0,20180930,20181013
406_3_1,0,0,0,0,0,0,0,20180930,20181013
11_3_1,0,0,0,0,0,0,0,20180930,20181013
3181_1,0,0,0,0,0,0,0,20180930,20181013
209_1_1,0,0,0,0,0,0,0,20180930,20181013
311_1_1,0,0,0,0,0,0,0,20180930,20181013
202_4_1,0,0,0,0,0,0,0,20180930,20181013
1002_2_1,0,0,0,0,0,0,0,20180930,20181013
25_3_1,0,0,0,0,0,0,0,20180930,20181013
14_4_1,0,0,0,0,0,0,0,20180930,20181013
905_2_1,0,0,0,0,0,0,0,20180930,20181013
31_3_1,0,0,0,0,0,0,0,20180930,20181013
910_1_1,0,0,0,0,0,0,0,20180930,20181013
239_1_1,0,0,0,0,0,0,0,20180930,20181013
2092_1,0,0,0,0,0,0,0,20180930,20181013
112_5_1,0,0,0,0,0,0,0,20180930,20181013
6_3_1,0,0,0,0,0,0,0,20180930,20181013
125_1_1,0,0,0,0,0,0,0,20180930,20181013
508_2_1,0,0,0,0,0,0,0,20180930,20181013
416_3_1,0,0,0,0,0,0,0,20180930,20181013
512_2_1,0,0,0,0,0,0,0,20180930,20181013
3021_1,0,0,0,0,0,0,0,20180930,20181013
912_1_1,0,0,0,0,0,0,0,20180930,20181013
7_3_1,0,0,0,0,0,0,0,20180930,20181013
21_4_1,0,0,0,0,0,0,0,20180930,20181013
115_5_1,0,0,0,0,0,0,0,20180930,20181013
404_3_1,0,0,0,0,0,0,0,20180930,20181013
2011_1,0,0,0,0,0,0,0,20180930,20181013
54_1,0,0,0,0,0,0,0,20180930,20181013
13_4_1,0,0,0,0,0,0,0,20180930,20181013
12_5_1,0,0,0,0,0,0,0,20180930,20181013
23_3_1,0,0,0,0,0,0,0,20180930,20181013
19_5_1,0,0,0,0,0,0,0,20180930,20181013
303_7_1,0,0,0,0,0,0,0,20180930,20181013
20_3_1,0,0,0,0,0,0,0,20180930,20181013
213_3_1,0,0,0,0,0,0,0,20180930,20181013
906_5_1,0,0,0,0,0,0,0,20180930,20181013
1_7_1,0,0,0,0,0,0,0,20180930,20181013
107_3_1,0,0,0,0,0,0,0,20180930,20181013
129_1_1,0,0,0,0,0,0,0,20180930,20181013
11_4_1,0,0,0,0,0,0,0,20180930,20181013
TuTh-XHol_1,0,0,0,0,0,0,0,20180930,20181013
34_2_1,0,0,0,0,0,0,0,20180930,20181013
210_1_1,0,0,0,0,0,0,0,20180930,20181013
3111_1,0,0,0,0,0,0,0,20180930,20181013
510_2_1,0,0,0,0,0,0,0,20180930,20181013
2_5_1,0,0,0,0,0,0,0,20180930,20181013
302_6_1,0,0,0,0,0,0,0,20180930,20181013
302_7_1,0,0,0,0,0,0,0,20180930,20181013
509_3_1,0,0,0,0,0,0,0,20180930,20181013
235_2_1,0,0,0,0,0,0,0,20180930,20181013
313_2_1,0,0,0,0,0,0,0,20180930,20181013
102_5_1,0,0,0,0,0,0,0,20180930,20181013
251_1_1,0,0,0,0,0,0,0,20180930,20181013
228_1_1,0,0,0,0,0,0,0,20180930,20181013
418_5_1,0,0,0,0,0,0,0,20180930,20181013
131_1_1,0,0,0,0,0,0,0,20180930,20181013
109_5_1,0,0,0,0,0,0,0,20180930,20181013
213_4_1,0,0,0,0,0,0,0,20180930,20181013
30_2_1,0,0,0,0,0,0,0,20180930,20181013
108_4_1,0,0,0,0,0,0,0,20180930,20181013
223_1_1,0,0,0,0,0,0,0,20180930,20181013
3022_1,0,0,0,0,0,0,0,20180930,20181013
127_1_1,0,0,0,0,0,0,0,20180930,20181013
238_2_1,0,0,0,0,0,0,0,20180930,20181013
220_1_1,0,0,0,0,0,0,0,20180930,20181013
21_3_1,0,0,0,0,0,0,0,20180930,20181013
123_1_1,0,0,0,0,0,0,0,20180930,20181013
10_5_1,0,0,0,0,0,0,0,20180930,20181013
909_1_1,0,0,0,0,0,0,0,20180930,20181013
15_4_1,0,0,0,0,0,0,0,20180930,20181013
105_5_1,0,0,0,0,0,0,0,20180930,20181013
214_4_1,0,0,0,0,0,0,0,20180930,20181013
405_4_1,0,0,0,0,0,0,0,20180930,20181013
409_2_1,0,0,0,0,0,0,0,20180930,20181013
217_4_1,0,0,0,0,0,0,0,20180930,20181013
Su+Hol-Xmas_1,0,0,0,0,0,0,0,20180930,20181013
533_1,0,0,0,0,0,0,0,20180930,20181013
305_5_1,0,0,0,0,0,0,0,20180930,20181013
404_5_1,0,0,0,0,0,0,0,20180930,20181013
16_4_1,0,0,0,0,0,0,0,20180930,20181013
114_3_1,0,0,0,0,0,0,0,20180930,20181013
120_2_1,0,0,0,0,0,0,0,20180930,20181013
306_5_1,0,0,0,0,0,0,0,20180930,20181013
216_4_1,0,0,0,0,0,0,0,20180930,20181013
138_2_1,0,0,0,0,0,0,0,20180930,20181013
502_4_1,0,0,0,0,0,0,0,20180930,20181013
204_7_1,0,0,0,0,0,0,0,20180930,20181013
20_4_1,0,0,0,0,0,0,0,20180930,20181013
207_6_1,0,0,0,0,0,0,0,20180930,20181013
415_3_1,0,0,0,0,0,0,0,20180930,20181013
303_5_1,0,0,0,0,0,0,0,20180930,20181013
102_4_1,0,0,0,0,0,0,0,20180930,20181013
204_5_1,0,0,0,0,0,0,0,20180930,20181013
900_4_1,0,0,0,0,0,0,0,20180930,20181013
3141_1,0,0,0,0,0,0,0,20180930,20181013
511_2_1,0,0,0,0,0,0,0,20180930,20181013
3051_1,0,0,0,0,0,0,0,20180930,20181013
1011_1,0,0,0,0,0,0,0,20180930,20181013
402_4_1,0,0,0,0,0,0,0,20180930,20181013
204_1_1,0,0,0,0,0,0,0,20180930,20181013
204_4_1,0,0,0,0,0,0,0,20180930,20181013
3031_1_1,0,0,0,0,0,0,0,20180930,20181013
28_3_1,0,0,0,0,0,0,0,20180930,20181013
913_1_1,0,0,0,0,0,0,0,20180930,20181013
211_1_1,0,0,0,0,0,0,0,20180930,20181013
409_3_1,0,0,0,0,0,0,0,20180930,20181013
116_4_1,0,0,0,0,0,0,0,20180930,20181013
17_5_1,0,0,0,0,0,0,0,20180930,20181013
2031_1,0,0,0,0,0,0,0,20180930,20181013
0505_1,0,0,0,0,0,0,0,20180930,20181013
18_4_1,0,0,0,0,0,0,0,20180930,20181013
118_5_1,0,0,0,0,0,0,0,20180930,20181013
222_1_1,0,0,0,0,0,0,0,20180930,20181013
133_1_1,0,0,0,0,0,0,0,20180930,20181013
206_4_1,0,0,0,0,0,0,0,20180930,20181013
311_2_1,0,0,0,0,0,0,0,20180930,20181013
508_3_1,0,0,0,0,0,0,0,20180930,20181013
225_1_1,0,0,0,0,0,0,0,20180930,20181013
318_1_1,0,0,0,0,0,0,0,20180930,20181013
114_4_1,0,0,0,0,0,0,0,20180930,20181013
402_3_1,0,0,0,0,0,0,0,20180930,20181013
22_4_1,0,0,0,0,0,0,0,20180930,20181013
55_1,0,0,0,0,0,0,0,20180930,20181013
507_2_1,0,0,0,0,0,0,0,20180930,20181013
212_4_1,0,0,0,0,0,0,0,20180930,20181013
244_1_1,0,0,0,0,0,0,0,20180930,20181013
110_3_1,0,0,0,0,0,0,0,20180930,20181013
504_3_1,0,0,0,0,0,0,0,20180930,20181013
307_4_1,0,0,0,0,0,0,0,20180930,20181013
402_5_1,0,0,0,0,0,0,0,20180930,20181013
4705_1_1,0,0,0,0,0,0,0,20180930,20181013
105_4_1,0,0,0,0,0,0,0,20180930,20181013
308_4_1,0,0,0,0,0,0,0,20180930,20181013
0686_1,0,0,0,0,0,0,0,20180930,20181013
1_4_1,0,0,0,0,0,0,0,20180930,20181013
0808_1,0,0,0,0,0,0,0,20180930,20181013
21_5_1,0,0,0,0,0,0,0,20180930,20181013
520_2_1,0,0,0,0,0,0,0,20180930,20181013
306_4_1,0,0,0,0,0,0,0,20180930,20181013
309_2_1,0,0,0,0,0,0,0,20180930,20181013
503_3_1,0,0,0,0,0,0,0,20180930,20181013
1292_1,0,0,0,0,0,0,0,20180930,20181013
610_2_1,0,0,0,0,0,0,0,20180930,20181013
248_1_1,0,0,0,0,0,0,0,20180930,20181013
52_1,0,0,0,0,0,0,0,20180930,20181013
3131_1,0,0,0,0,0,0,0,20180930,20181013
2022_1,0,0,0,0,0,0,0,20180930,20181013
1021_1,0,0,0,0,0,0,0,20180930,20181013
37_1_1,0,0,0,0,0,0,0,20180930,20181013
115_4_1,0,0,0,0,0,0,0,20180930,20181013
414_2_1,0,0,0,0,0,0,0,20180930,20181013
130_1_1,0,0,0,0,0,0,0,20180930,20181013
304_6_1,0,0,0,0,0,0,0,20180930,20181013
315_1_1,0,0,0,0,0,0,0,20180930,20181013
6_5_1,0,0,0,0,0,0,0,20180930,20181013
423_1_1,0,0,0,0,0,0,0,20180930,20181013
2071_1,0,0,0,0,0,0,0,20180930,20181013
210_5_1,0,0,0,0,0,0,0,20180930,20181013
0101_1_1,0,0,0,0,0,0,0,20180930,20181013
406_4_1,0,0,0,0,0,0,0,20180930,20181013
118_4_1,0,0,0,0,0,0,0,20180930,20181013
301_7_1,0,0,0,0,0,0,0,20180930,20181013
902_3_1,0,0,0,0,0,0,0,20180930,20181013
217_3_1,0,0,0,0,0,0,0,20180930,20181013
534_1,0,0,0,0,0,0,0,20180930,20181013
26_5_1,0,0,0,0,0,0,0,20180930,20181013
701_1_1,0,0,0,0,0,0,0,20180930,20181013
111_4_1,0,0,0,0,0,0,0,20180930,20181013
115_3_1,0,0,0,0,0,0,0,20180930,20181013
2_4_1,0,0,0,0,0,0,0,20180930,20181013
901_6_1,0,0,0,0,0,0,0,20180930,20181013
3_4_1,0,0,0,0,0,0,0,20180930,20181013
2_6_1,0,0,0,0,0,0,0,20180930,20181013
1012_1,0,0,0,0,0,0,0,20180930,20181013
4703_1_1,0,0,0,0,0,0,0,20180930,20181013
231_1_1,0,0,0,0,0,0,0,20180930,20181013
3161_1,0,0,0,0,0,0,0,20180930,20181013
216_3_1,0,0,0,0,0,0,0,20180930,20181013
414_3_1,0,0,0,0,0,0,0,20180930,20181013
121_1_1,0,0,0,0,0,0,0,20180930,20181013
3132_1,0,0,0,0,0,0,0,20180930,20181013
209_4_1,0,0,0,0,0,0,0,20180930,20181013
205_1_1,0,0,0,0,0,0,0,20180930,20181013
126_1_1,0,0,0,0,0,0,0,20180930,20181013
219_3_1,0,0,0,0,0,0,0,20180930,20181013
310_2_1,0,0,0,0,0,0,0,20180930,20181013
18_3_1,0,0,0,0,0,0,0,20180930,20181013
201_1_1,0,0,0,0,0,0,0,20180930,20181013
1071_1,0,0,0,0,0,0,0,20180930,20181013
911_1_1,0,0,0,0,0,0,0,20180930,20181013
610_3_1,0,0,0,0,0,0,0,20180930,20181013
1062_1,0,0,0,0,0,0,0,20180930,20181013
215_1_1,0,0,0,0,0,0,0,20180930,20181013
503_5_1,0,0,0,0,0,0,0,20180930,20181013
305_6_1,0,0,0,0,0,0,0,20180930,20181013
3202_1,0,0,0,0,0,0,0,20180930,20181013
22_3_1,0,0,0,0,0,0,0,20180930,20181013
25_5_1,0,0,0,0,0,0,0,20180930,20181013
1051_1,0,0,0,0,0,0,0,20180930,20181013
106_5_1,0,0,0,0,0,0,0,20180930,20181013
4_5_1,0,0,0,0,0,0,0,20180930,20181013
3_3_1,0,0,0,0,0,0,0,20180930,20181013
505_4_1,0,0,0,0,0,0,0,20180930,20181013
1313_2_1,0,0,0,0,0,0,0,20180930,20181013
519_1_1,0,0,0,0,0,0,0,20180930,20181013
110_5_1,0,0,0,0,0,0,0,20180930,20181013
2082_1,0,0,0,0,0,0,0,20180930,20181013
3191_1,0,0,0,0,0,0,0,20180930,20181013
27_3_1,0,0,0,0,0,0,0,20180930,20181013
302_8_1,0,0,0,0,0,0,0,20180930,20181013
F-XHol_1,0,0,0,0,0,0,0,20180930,20181013
249_1_1,0,0,0,0,0,0,0,20180930,20181013
903_3_1,0,0,0,0,0,0,0,20180930,20181013
237_1_1,0,0,0,0,0,0,0,20180930,20181013
218_4_1,0,0,0,0,0,0,0,20180930,20181013
504_5_1,0,0,0,0,0,0,0,20180930,20181013
313_1_1,0,0,0,0,0,0,0,20180930,20181013
3341_1,0,0,0,0,0,0,0,20180930,20181013
606_1_1,0,0,0,0,0,0,0,20180930,20181013
406_5_1,0,0,0,0,0,0,0,20180930,20181013
224_1_1,0,0,0,0,0,0,0,20180930,20181013
230_1_1,0,0,0,0,0,0,0,20180930,20181013
3081_1,0,0,0,0,0,0,0,20180930,20181013
103_4_1,0,0,0,0,0,0,0,20180930,20181013
405_5_1,0,0,0,0,0,0,0,20180930,20181013
906_3_1,0,0,0,0,0,0,0,20180930,20181013
601_3_1,0,0,0,0,0,0,0,20180930,20181013
304_3_1,0,0,0,0,0,0,0,20180930,20181013
2111_1,0,0,0,0,0,0,0,20180930,20181013
303_4_1,0,0,0,0,0,0,0,20180930,20181013
0383_1,0,0,0,0,0,0,0,20180930,20181013
422_1_1,0,0,0,0,0,0,0,20180930,20181013
901_3_1,0,0,0,0,0,0,0,20180930,20181013
3053_1,0,0,0,0,0,0,0,20180930,20181013
305_7_1,0,0,0,0,0,0,0,20180930,20181013
8_5_1,0,0,0,0,0,0,0,20180930,20181013
609_1_1,0,0,0,0,0,0,0,20180930,20181013
208_6_1,0,0,0,0,0,0,0,20180930,20181013
511_3_1,0,0,0,0,0,0,0,20180930,20181013
18_5_1,0,0,0,0,0,0,0,20180930,20181013
25_4_1,0,0,0,0,0,0,0,20180930,20181013
1002_3_1,0,0,0,0,0,0,0,20180930,20181013
16_5_1,0,0,0,0,0,0,0,20180930,20181013
302_3_1,0,0,0,0,0,0,0,20180930,20181013
112_4_1,0,0,0,0,0,0,0,20180930,20181013
4106_1_1,0,0,0,0,0,0,0,20180930,20181013
3133_1,0,0,0,0,0,0,0,20180930,20181013
3071_1,0,0,0,0,0,0,0,20180930,20181013
219_4_1,0,0,0,0,0,0,0,20180930,20181013
4706_1_1,0,0,0,0,0,0,0,20180930,20181013
604_2_1,0,0,0,0,0,0,0,20180930,20181013
14_5_1,0,0,0,0,0,0,0,20180930,20181013
19_4_1,0,0,0,0,0,0,0,20180930,20181013
608_1_1,0,0,0,0,0,0,0,20180930,20181013
202_5_1,0,0,0,0,0,0,0,20180930,20181013
1_5_1,0,0,0,0,0,0,0,20180930,20181013
219_1_1,0,0,0,0,0,0,0,20180930,20181013
31_2_1,0,0,0,0,0,0,0,20180930,20181013
201_6_1,0,0,0,0,0,0,0,20180930,20181013
2041_1,0,0,0,0,0,0,0,20180930,20181013
411_2_1,0,0,0,0,0,0,0,20180930,20181013
119_2_1,0,0,0,0,0,0,0,20180930,20181013
1_3_1,0,0,0,0,0,0,0,20180930,20181013
206_5_1,0,0,0,0,0,0,0,20180930,20181013
3092_1,0,0,0,0,0,0,0,20180930,20181013
108_5_1,0,0,0,0,0,0,0,20180930,20181013
2102_1,0,0,0,0,0,0,0,20180930,20181013
0202_1,0,0,0,0,0,0,0,20180930,20181013
234_1_1,0,0,0,0,0,0,0,20180930,20181013
3012_1,0,0,0,0,0,0,0,20180930,20181013
139_1_1,0,0,0,0,0,0,0,20180930,20181013
236_2_1,0,0,0,0,0,0,0,20180930,20181013
2012_1,0,0,0,0,0,0,0,20180930,20181013
231_2_1,0,0,0,0,0,0,0,20180930,20181013
2072_1,0,0,0,0,0,0,0,20180930,20181013
205_5_1,0,0,0,0,0,0,0,20180930,20181013
203_5_1,0,0,0,0,0,0,0,20180930,20181013
104_4_1,0,0,0,0,0,0,0,20180930,20181013
900_3_1,0,0,0,0,0,0,0,20180930,20181013
215_3_1,0,0,0,0,0,0,0,20180930,20181013
416_2_1,0,0,0,0,0,0,0,20180930,20181013
312_1_1,0,0,0,0,0,0,0,20180930,20181013
203_4_1,0,0,0,0,0,0,0,20180930,20181013
101_4_1,0,0,0,0,0,0,0,20180930,20181013
207_5_1,0,0,0,0,0,0,0,20180930,20181013
513_1_1,0,0,0,0,0,0,0,20180930,20181013
117_5_1,0,0,0,0,0,0,0,20180930,20181013
3122_1,0,0,0,0,0,0,0,20180930,20181013
33_1_1,0,0,0,0,0,0,0,20180930,20181013
1305_1,0,0,0,0,0,0,0,20180930,20181013
105_3_1,0,0,0,0,0,0,0,20180930,20181013
602_5_1,0,0,0,0,0,0,0,20180930,20181013
413_2_1,0,0,0,0,0,0,0,20180930,20181013
1010_1,0,0,0,0,0,0,0,20180930,20181013
13_3_1,0,0,0,0,0,0,0,20180930,20181013
8_4_1,0,0,0,0,0,0,0,20180930,20181013
303_6_1,0,0,0,0,0,0,0,20180930,20181013
514_2_1,0,0,0,0,0,0,0,20180930,20181013
233_2_1,0,0,0,0,0,0,0,20180930,20181013
501_5_1,0,0,0,0,0,0,0,20180930,20181013
304_4_1,0,0,0,0,0,0,0,20180930,20181013
908_1_1,0,0,0,0,0,0,0,20180930,20181013
101_5_1,0,0,0,0,0,0,0,20180930,20181013
309_1_1,0,0,0,0,0,0,0,20180930,20181013
903_4_1,0,0,0,0,0,0,0,20180930,20181013
1042_1,0,0,0,0,0,0,0,20180930,20181013
211_5_1,0,0,0,0,0,0,0,20180930,20181013
113_4_1,0,0,0,0,0,0,0,20180930,20181013
1001_4_1,0,0,0,0,0,0,0,20180930,20181013
2_8_1,0,0,0,0,0,0,0,20180930,20181013
Sa-XSun_1,0,0,0,0,0,0,0,20180930,20181013
304_8_1,0,0,0,0,0,0,0,20180930,20181013
234_2_1,0,0,0,0,0,0,0,20180930,20181013
1313_1_1,0,0,0,0,0,0,0,20180930,20181013
246_1_1,0,0,0,0,0,0,0,20180930,20181013
4702_1_1,0,0,0,0,0,0,0,20180930,20181013
1061_1,0,0,0,0,0,0,0,20180930,20181013
34_1,0,0,0,0,0,0,0,20180930,20181013
38_1_1,0,0,0,0,0,0,0,20180930,20181013
236_1_1,0,0,0,0,0,0,0,20180930,20181013
311_4_1,0,0,0,0,0,0,0,20180930,20181013
29_2_1,0,0,0,0,0,0,0,20180930,20181013
10_3_1,0,0,0,0,0,0,0,20180930,20181013
202_6_1,0,0,0,0,0,0,0,20180930,20181013
9_5_1,0,0,0,0,0,0,0,20180930,20181013
1052_1,0,0,0,0,0,0,0,20180930,20181013
304_7_1,0,0,0,0,0,0,0,20180930,20181013
5_5_1,0,0,0,0,0,0,0,20180930,20181013
314_1_1,0,0,0,0,0,0,0,20180930,20181013
2112_1,0,0,0,0,0,0,0,20180930,20181013
102_6_1,0,0,0,0,0,0,0,20180930,20181013
238_1_1,0,0,0,0,0,0,0,20180930,20181013
308_1_1,0,0,0,0,0,0,0,20180930,20181013
403_5_1,0,0,0,0,0,0,0,20180930,20181013
404_4_1,0,0,0,0,0,0,0,20180930,20181013
0909_1,0,0,0,0,0,0,0,20180930,20181013
27_5_1,0,0,0,0,0,0,0,20180930,20181013
302_4_1,0,0,0,0,0,0,0,20180930,20181013
117_4_1,0,0,0,0,0,0,0,20180930,20181013
301_8_1,0,0,0,0,0,0,0,20180930,20181013
1414_1,0,0,0,0,0,0,0,20180930,20181013
602_4_1,0,0,0,0,0,0,0,20180930,20181013
601_4_1,0,0,0,0,0,0,0,20180930,20181013
2052_1,0,0,0,0,0,0,0,20180930,20181013
517_1_1,0,0,0,0,0,0,0,20180930,20181013
4105_1_1,0,0,0,0,0,0,0,20180930,20181013
421_1_1,0,0,0,0,0,0,0,20180930,20181013
209_6_1,0,0,0,0,0,0,0,20180930,20181013
410_3_1,0,0,0,0,0,0,0,20180930,20181013
0101_1,0,0,0,0,0,0,0,20180930,20181013
202_1,0,0,0,0,0,0,0,20180930,20181013
108_3_1,0,0,0,0,0,0,0,20180930,20181013
215_4_1,0,0,0,0,0,0,0,20180930,20181013
301_3_1,0,0,0,0,0,0,0,20180930,20181013
303_3_1,0,0,0,0,0,0,0,20180930,20181013
3011_1,0,0,0,0,0,0,0,20180930,20181013
605_3_1,0,0,0,0,0,0,0,20180930,20181013
412_3_1,0,0,0,0,0,0,0,20180930,20181013
307_5_1,0,0,0,0,0,0,0,20180930,20181013
412_2_1,0,0,0,0,0,0,0,20180930,20181013
601_5_1,0,0,0,0,0,0,0,20180930,20181013
3_5_1,0,0,0,0,0,0,0,20180930,20181013
11_5_1,0,0,0,0,0,0,0,20180930,20181013
312_2_1,0,0,0,0,0,0,0,20180930,20181013
417_4_1,0,0,0,0,0,0,0,20180930,20181013
502_5_1,0,0,0,0,0,0,0,20180930,20181013
0282_1,0,0,0,0,0,0,0,20180930,20181013
900_5_1,0,0,0,0,0,0,0,20180930,20181013
226_1_1,0,0,0,0,0,0,0,20180930,20181013
1212_1,0,0,0,0,0,0,0,20180930,20181013
5_4_1,0,0,0,0,0,0,0,20180930,20181013
35_1,0,0,0,0,0,0,0,20180930,20181013
104_5_1,0,0,0,0,0,0,0,20180930,20181013
3172_1,0,0,0,0,0,0,0,20180930,20181013
306_7_1,0,0,0,0,0,0,0,20180930,20181013
3211_1,0,0,0,0,0,0,0,20180930,20181013
119_3_1,0,0,0,0,0,0,0,20180930,20181013
2_3_1,0,0,0,0,0,0,0,20180930,20181013
217_1_1,0,0,0,0,0,0,0,20180930,20181013
241_1_1,0,0,0,0,0,0,0,20180930,20181013
106_4_1,0,0,0,0,0,0,0,20180930,20181013
28_5_1,0,0,0,0,0,0,0,20180930,20181013
24_4_1,0,0,0,0,0,0,0,20180930,20181013
203_6_1,0,0,0,0,0,0,0,20180930,20181013
410_2_1,0,0,0,0,0,0,0,20180930,20181013
300_4_1,0,0,0,0,0,0,0,20180930,20181013
4103_1_1,0,0,0,0,0,0,0,20180930,20181013
208_1_1,0,0,0,0,0,0,0,20180930,20181013
124_1_1,0,0,0,0,0,0,0,20180930,20181013
607_1_1,0,0,0,0,0,0,0,20180930,20181013
408_3_1,0,0,0,0,0,0,0,20180930,20181013
212_1_1,0,0,0,0,0,0,0,20180930,20181013
28_4_1,0,0,0,0,0,0,0,20180930,20181013
1041_1,0,0,0,0,0,0,0,20180930,20181013
117_3_1,0,0,0,0,0,0,0,20180930,20181013
1_8_1,0,0,0,0,0,0,0,20180930,20181013
2_7_1,0,0,0,0,0,0,0,20180930,20181013
9_3_1,0,0,0,0,0,0,0,20180930,20181013
218_3_1,0,0,0,0,0,0,0,20180930,20181013
603_5_1,0,0,0,0,0,0,0,20180930,20181013
20_5_1,0,0,0,0,0,0,0,20180930,20181013
506_4_1,0,0,0,0,0,0,0,20180930,20181013
2021_1,0,0,0,0,0,0,0,20180930,20181013
302_5_1,0,0,0,0,0,0,0,20180930,20181013
612_1_1,0,0,0,0,0,0,0,20180930,20181013
113_3_1,0,0,0,0,0,0,0,20180930,20181013
230_2_1,0,0,0,0,0,0,0,20180930,20181013
102_3_1,0,0,0,0,0,0,0,20180930,20181013
114_5_1,0,0,0,0,0,0,0,20180930,20181013
218_1_1,0,0,0,0,0,0,0,20180930,20181013
516_1_1,0,0,0,0,0,0,0,20180930,20181013
135_1_1,0,0,0,0,0,0,0,20180930,20181013
0303_1,0,0,0,0,0,0,0,20180930,20181013
1031_1,0,0,0,0,0,0,0,20180930,20181013
1090_1,0,0,0,0,0,0,0,20180930,20181013
903_5_1,0,0,0,0,0,0,0,20180930,20181013
3032_1,0,0,0,0,0,0,0,20180930,20181013
137_1_1,0,0,0,0,0,0,0,20180930,20181013
4704_1_1,0,0,0,0,0,0,0,20180930,20181013
Su+Hol_1,0,0,0,0,0,0,0,20180930,20181013
307_6_1,0,0,0,0,0,0,0,20180930,20181013
417_5_1,0,0,0,0,0,0,0,20180930,20181013
211_4_1,0,0,0,0,0,0,0,20180930,20181013
23_5_1,0,0,0,0,0,0,0,20180930,20181013
3062_1,0,0,0,0,0,0,0,20180930,20181013
501_4_1,0,0,0,0,0,0,0,20180930,20181013
3041_1,0,0,0,0,0,0,0,20180930,20181013
603_4_1,0,0,0,0,0,0,0,20180930,20181013
128_1_1,0,0,0,0,0,0,0,20180930,20181013
4701_1_1,0,0,0,0,0,0,0,20180930,20181013
MTuWThF-XHol_1,0,0,0,0,0,0,0,20180930,20181013
3331_1,0,0,0,0,0,0,0,20180930,20181013
605_2_1,0,0,0,0,0,0,0,20180930,20181013
233_1_1,0,0,0,0,0,0,0,20180930,20181013
303_8_1,0,0,0,0,0,0,0,20180930,20181013
1191_1,0,0,0,0,0,0,0,20180930,20181013
316_1_1,0,0,0,0,0,0,0,20180930,20181013
308_3_1,0,0,0,0,0,0,0,20180930,20181013
242_1_1,0,0,0,0,0,0,0,20180930,20181013
904_2_1,0,0,0,0,0,0,0,20180930,20181013
243_1_1,0,0,0,0,0,0,0,20180930,20181013
2032_1,0,0,0,0,0,0,0,20180930,20181013
240_1_1,0,0,0,0,0,0,0,20180930,20181013
224233_1,0,0,0,0,0,0,0,20180930,20181013
122_1_1,0,0,0,0,0,0,0,20180930,20181013
300_3_1,0,0,0,0,0,0,0,20180930,20181013
247_1_1,0,0,0,0,0,0,0,20180930,20181013
902_5_1,0,0,0,0,0,0,0,20180930,20181013
2051_1,0,0,0,0,0,0,0,20180930,20181013
407_4_1,0,0,0,0,0,0,0,20180930,20181013
2061_1,0,0,0,0,0,0,0,20180930,20181013
413_3_1,0,0,0,0,0,0,0,20180930,20181013
418_4_1,0,0,0,0,0,0,0,20180930,20181013
118_3_1,0,0,0,0,0,0,0,20180930,20181013
304_5_1,0,0,0,0,0,0,0,20180930,20181013
64_2,0,0,0,0,0,0,0,20181014,20190714
0404_2,0,0,0,0,0,0,0,20181014,20190714
502_1_2,0,0,0,0,0,0,0,20181014,20190714
414_1_2,0,0,0,0,0,0,0,20181014,20190714
247_2_2,0,0,0,0,0,0,0,20181014,20190714
610_2_2,0,0,0,0,0,0,0,20181014,20190714
303_4_2,0,0,0,0,0,0,0,20181014,20190714
514_2,0,0,0,0,0,0,0,20181014,20190714
72_2,0,0,0,0,0,0,0,20181014,20190714
200_2,0,0,0,0,0,0,0,20181014,20190714
211_1_2,0,0,0,0,0,0,0,20181014,20190714
202_2_2,0,0,0,0,0,0,0,20181014,20190714
46_2,0,0,0,0,0,0,0,20181014,20190714
7_1_2,0,0,0,0,0,0,0,20181014,20190714
113_3_2,0,0,0,0,0,0,0,20181014,20190714
303_5_2,0,0,0,0,0,0,0,20181014,20190714
309_2,0,0,0,0,0,0,0,20181014,20190714
110_2_2,0,0,0,0,0,0,0,20181014,20190714
0909_2,0,0,0,0,0,0,0,20181014,20190714
312_2,0,0,0,0,0,0,0,20181014,20190714
401_3_2,0,0,0,0,0,0,0,20181014,20190714
214_2,0,0,0,0,0,0,0,20181014,20190714
34_3_2,0,0,0,0,0,0,0,20181014,20190714
906_3_2,0,0,0,0,0,0,0,20181014,20190714
3152_2,0,0,0,0,0,0,0,20181014,20190714
104_2_2,0,0,0,0,0,0,0,20181014,20190714
511_1_2,0,0,0,0,0,0,0,20181014,20190714
322_2_2,0,0,0,0,0,0,0,20181014,20190714
216_2,0,0,0,0,0,0,0,20181014,20190714
103_3_2,0,0,0,0,0,0,0,20181014,20190714
34_4_2,0,0,0,0,0,0,0,20181014,20190714
300_1_2,0,0,0,0,0,0,0,20181014,20190714
514_1_2,0,0,0,0,0,0,0,20181014,20190714
SaSu+Hol_2,0,0,0,0,0,0,0,20181014,20190714
103_2_2,0,0,0,0,0,0,0,20181014,20190714
43_2,0,0,0,0,0,0,0,20181014,20190714
71_2,0,0,0,0,0,0,0,20181014,20190714
1042_2,0,0,0,0,0,0,0,20181014,20190714
2102_2,0,0,0,0,0,0,0,20181014,20190714
203_1_2,0,0,0,0,0,0,0,20181014,20190714
101_2_2,0,0,0,0,0,0,0,20181014,20190714
3091_2,0,0,0,0,0,0,0,20181014,20190714
303_3_2,0,0,0,0,0,0,0,20181014,20190714
18_2,0,0,0,0,0,0,0,20181014,20190714
208_1_2,0,0,0,0,0,0,0,20181014,20190714
202_3_2,0,0,0,0,0,0,0,20181014,20190714
1061_2,0,0,0,0,0,0,0,20181014,20190714
4702_2,0,0,0,0,0,0,0,20181014,20190714
76_2,0,0,0,0,0,0,0,20181014,20190714
TuTh-XHol_2,0,0,0,0,0,0,0,20181014,20190714
518_2,0,0,0,0,0,0,0,20181014,20190714
602_2,0,0,0,0,0,0,0,20181014,20190714
231_2,0,0,0,0,0,0,0,20181014,20190714
9_2_2,0,0,0,0,0,0,0,20181014,20190714
217_2_2,0,0,0,0,0,0,0,20181014,20190714
910_2,0,0,0,0,0,0,0,20181014,20190714
4_2,0,0,0,0,0,0,0,20181014,20190714
2051_2,0,0,0,0,0,0,0,20181014,20190714
2041_2,0,0,0,0,0,0,0,20181014,20190714
3211_2,0,0,0,0,0,0,0,20181014,20190714
2091_2,0,0,0,0,0,0,0,20181014,20190714
129_2,0,0,0,0,0,0,0,20181014,20190714
3053_2,0,0,0,0,0,0,0,20181014,20190714
520_2,0,0,0,0,0,0,0,20181014,20190714
61_2,0,0,0,0,0,0,0,20181014,20190714
10_1_2,0,0,0,0,0,0,0,20181014,20190714
118_2,0,0,0,0,0,0,0,20181014,20190714
913_2,0,0,0,0,0,0,0,20181014,20190714
502_3_2,0,0,0,0,0,0,0,20181014,20190714
31_1_2,0,0,0,0,0,0,0,20181014,20190714
311_2,0,0,0,0,0,0,0,20181014,20190714
506_2_2,0,0,0,0,0,0,0,20181014,20190714
428_2,0,0,0,0,0,0,0,20181014,20190714
9_1_2,0,0,0,0,0,0,0,20181014,20190714
502_2,0,0,0,0,0,0,0,20181014,20190714
307_3_2,0,0,0,0,0,0,0,20181014,20190714
207_3_2,0,0,0,0,0,0,0,20181014,20190714
401_2,0,0,0,0,0,0,0,20181014,20190714
4706_2,0,0,0,0,0,0,0,20181014,20190714
908_2,0,0,0,0,0,0,0,20181014,20190714
304_1_2,0,0,0,0,0,0,0,20181014,20190714
5_2_2,0,0,0,0,0,0,0,20181014,20190714
212_2,0,0,0,0,0,0,0,20181014,20190714
35_2_2,0,0,0,0,0,0,0,20181014,20190714
3331_2,0,0,0,0,0,0,0,20181014,20190714
2052_2,0,0,0,0,0,0,0,20181014,20190714
4_1_2,0,0,0,0,0,0,0,20181014,20190714
0606_1_2,0,0,0,0,0,0,0,20181014,20190714
911_1_2,0,0,0,0,0,0,0,20181014,20190714
21_1_2,0,0,0,0,0,0,0,20181014,20190714
302_7_2,0,0,0,0,0,0,0,20181014,20190714
512_2,0,0,0,0,0,0,0,20181014,20190714
6_1_2,0,0,0,0,0,0,0,20181014,20190714
130_2,0,0,0,0,0,0,0,20181014,20190714
2022_2,0,0,0,0,0,0,0,20181014,20190714
501_2,0,0,0,0,0,0,0,20181014,20190714
403_2,0,0,0,0,0,0,0,20181014,20190714
77_2,0,0,0,0,0,0,0,20181014,20190714
227_2,0,0,0,0,0,0,0,20181014,20190714
311_1_2,0,0,0,0,0,0,0,20181014,20190714
900_1_2,0,0,0,0,0,0,0,20181014,20190714
1305_2,0,0,0,0,0,0,0,20181014,20190714
512_1_2,0,0,0,0,0,0,0,20181014,20190714
909_2,0,0,0,0,0,0,0,20181014,20190714
4_2_2,0,0,0,0,0,0,0,20181014,20190714
904_1_2,0,0,0,0,0,0,0,20181014,20190714
417_1_2,0,0,0,0,0,0,0,20181014,20190714
903_1_2,0,0,0,0,0,0,0,20181014,20190714
420_1_2,0,0,0,0,0,0,0,20181014,20190714
33_2_2,0,0,0,0,0,0,0,20181014,20190714
4106_2,0,0,0,0,0,0,0,20181014,20190714
412_2,0,0,0,0,0,0,0,20181014,20190714
3061_2,0,0,0,0,0,0,0,20181014,20190714
900_2,0,0,0,0,0,0,0,20181014,20190714
17_2_2,0,0,0,0,0,0,0,20181014,20190714
304_2_2,0,0,0,0,0,0,0,20181014,20190714
411_2,0,0,0,0,0,0,0,20181014,20190714
240_1_2,0,0,0,0,0,0,0,20181014,20190714
510_2,0,0,0,0,0,0,0,20181014,20190714
20_2,0,0,0,0,0,0,0,20181014,20190714
3142_2,0,0,0,0,0,0,0,20181014,20190714
202_1_2,0,0,0,0,0,0,0,20181014,20190714
148_2,0,0,0,0,0,0,0,20181014,20190714
206_2,0,0,0,0,0,0,0,20181014,20190714
236_2,0,0,0,0,0,0,0,20181014,20190714
1191_2,0,0,0,0,0,0,0,20181014,20190714
403_1_2,0,0,0,0,0,0,0,20181014,20190714
221_2,0,0,0,0,0,0,0,20181014,20190714
57_2,0,0,0,0,0,0,0,20181014,20190714
3042_2,0,0,0,0,0,0,0,20181014,20190714
517_2,0,0,0,0,0,0,0,20181014,20190714
503_1_2,0,0,0,0,0,0,0,20181014,20190714
316_2,0,0,0,0,0,0,0,20181014,20190714
910_1_2,0,0,0,0,0,0,0,20181014,20190714
0383_2,0,0,0,0,0,0,0,20181014,20190714
306_4_2,0,0,0,0,0,0,0,20181014,20190714
302_2,0,0,0,0,0,0,0,20181014,20190714
79_2,0,0,0,0,0,0,0,20181014,20190714
214_2_2,0,0,0,0,0,0,0,20181014,20190714
25_2_2,0,0,0,0,0,0,0,20181014,20190714
3071_2,0,0,0,0,0,0,0,20181014,20190714
0585_2,0,0,0,0,0,0,0,20181014,20190714
125_2,0,0,0,0,0,0,0,20181014,20190714
801_2,0,0,0,0,0,0,0,20181014,20190714
413_2,0,0,0,0,0,0,0,20181014,20190714
2_2_2,0,0,0,0,0,0,0,20181014,20190714
307_2,0,0,0,0,0,0,0,20181014,20190714
120_2,0,0,0,0,0,0,0,20181014,20190714
301_2,0,0,0,0,0,0,0,20181014,20190714
1_2,0,0,0,0,0,0,0,20181014,20190714
83_2,0,0,0,0,0,0,0,20181014,20190714
103_2,0,0,0,0,0,0,0,20181014,20190714
110_1_2,0,0,0,0,0,0,0,20181014,20190714
3172_2,0,0,0,0,0,0,0,20181014,20190714
4105_2,0,0,0,0,0,0,0,20181014,20190714
2111_2,0,0,0,0,0,0,0,20181014,20190714
116_2_2,0,0,0,0,0,0,0,20181014,20190714
75_2,0,0,0,0,0,0,0,20181014,20190714
3021_2,0,0,0,0,0,0,0,20181014,20190714
3141_2,0,0,0,0,0,0,0,20181014,20190714
123_2,0,0,0,0,0,0,0,20181014,20190714
2092_2,0,0,0,0,0,0,0,20181014,20190714
412_2_2,0,0,0,0,0,0,0,20181014,20190714
213_2,0,0,0,0,0,0,0,20181014,20190714
226_2,0,0,0,0,0,0,0,20181014,20190714
147_2,0,0,0,0,0,0,0,20181014,20190714
305_5_2,0,0,0,0,0,0,0,20181014,20190714
247_2,0,0,0,0,0,0,0,20181014,20190714
408_1_2,0,0,0,0,0,0,0,20181014,20190714
20_1_2,0,0,0,0,0,0,0,20181014,20190714
3011_2,0,0,0,0,0,0,0,20181014,20190714
248_2,0,0,0,0,0,0,0,20181014,20190714
243_2,0,0,0,0,0,0,0,20181014,20190714
231_1_2,0,0,0,0,0,0,0,20181014,20190714
1010_2,0,0,0,0,0,0,0,20181014,20190714
3162_2,0,0,0,0,0,0,0,20181014,20190714
610_2,0,0,0,0,0,0,0,20181014,20190714
116_2,0,0,0,0,0,0,0,20181014,20190714
418_2,0,0,0,0,0,0,0,20181014,20190714
66_2,0,0,0,0,0,0,0,20181014,20190714
217_2,0,0,0,0,0,0,0,20181014,20190714
604_4_2,0,0,0,0,0,0,0,20181014,20190714
310_1_2,0,0,0,0,0,0,0,20181014,20190714
12_1_2,0,0,0,0,0,0,0,20181014,20190714
106_2,0,0,0,0,0,0,0,20181014,20190714
Sa-XSun_2,0,0,0,0,0,0,0,20181014,20190714
501_2_2,0,0,0,0,0,0,0,20181014,20190714
35_2,0,0,0,0,0,0,0,20181014,20190714
2072_2,0,0,0,0,0,0,0,20181014,20190714
304_4_2,0,0,0,0,0,0,0,20181014,20190714
210_2_2,0,0,0,0,0,0,0,20181014,20190714
126_2,0,0,0,0,0,0,0,20181014,20190714
0303_2,0,0,0,0,0,0,0,20181014,20190714
410_1_2,0,0,0,0,0,0,0,20181014,20190714
509_1_2,0,0,0,0,0,0,0,20181014,20190714
234_2,0,0,0,0,0,0,0,20181014,20190714
4101_2,0,0,0,0,0,0,0,20181014,20190714
314_2_2,0,0,0,0,0,0,0,20181014,20190714
1090_2,0,0,0,0,0,0,0,20181014,20190714
244_2_2,0,0,0,0,0,0,0,20181014,20190714
11_1_2,0,0,0,0,0,0,0,20181014,20190714
104_1_2,0,0,0,0,0,0,0,20181014,20190714
906_1_2,0,0,0,0,0,0,0,20181014,20190714
603_2,0,0,0,0,0,0,0,20181014,20190714
508_2,0,0,0,0,0,0,0,20181014,20190714
1_3_2,0,0,0,0,0,0,0,20181014,20190714
1_5_2,0,0,0,0,0,0,0,20181014,20190714
4103_2,0,0,0,0,0,0,0,20181014,20190714
1393_2,0,0,0,0,0,0,0,20181014,20190714
203_2,0,0,0,0,0,0,0,20181014,20190714
204_2_2,0,0,0,0,0,0,0,20181014,20190714
3232_1_2,0,0,0,0,0,0,0,20181014,20190714
3132_2,0,0,0,0,0,0,0,20181014,20190714
601_2_2,0,0,0,0,0,0,0,20181014,20190714
416_2_2,0,0,0,0,0,0,0,20181014,20190714
2012_2,0,0,0,0,0,0,0,20181014,20190714
602_3_2,0,0,0,0,0,0,0,20181014,20190714
701_1_2,0,0,0,0,0,0,0,20181014,20190714
4102_2,0,0,0,0,0,0,0,20181014,20190714
315_1_2,0,0,0,0,0,0,0,20181014,20190714
109_2_2,0,0,0,0,0,0,0,20181014,20190714
Sa_2,0,0,0,0,0,0,0,20181014,20190714
237_2,0,0,0,0,0,0,0,20181014,20190714
246_1_2,0,0,0,0,0,0,0,20181014,20190714
145_2,0,0,0,0,0,0,0,20181014,20190714
511_2,0,0,0,0,0,0,0,20181014,20190714
17_2,0,0,0,0,0,0,0,20181014,20190714
0686_2,0,0,0,0,0,0,0,20181014,20190714
25_1_2,0,0,0,0,0,0,0,20181014,20190714
3031_1_2,0,0,0,0,0,0,0,20181014,20190714
213_1_2,0,0,0,0,0,0,0,20181014,20190714
105_1_2,0,0,0,0,0,0,0,20181014,20190714
318_2,0,0,0,0,0,0,0,20181014,20190714
908_1_2,0,0,0,0,0,0,0,20181014,20190714
112_1_2,0,0,0,0,0,0,0,20181014,20190714
219_2,0,0,0,0,0,0,0,20181014,20190714
53_2,0,0,0,0,0,0,0,20181014,20190714
56_2,0,0,0,0,0,0,0,20181014,20190714
912_2,0,0,0,0,0,0,0,20181014,20190714
47_1_2,0,0,0,0,0,0,0,20181014,20190714
409_2_2,0,0,0,0,0,0,0,20181014,20190714
321_2,0,0,0,0,0,0,0,20181014,20190714
111_2,0,0,0,0,0,0,0,20181014,20190714
6_2_2,0,0,0,0,0,0,0,20181014,20190714
109_1_2,0,0,0,0,0,0,0,20181014,20190714
2_3_2,0,0,0,0,0,0,0,20181014,20190714
1041_2,0,0,0,0,0,0,0,20181014,20190714
2112_2,0,0,0,0,0,0,0,20181014,20190714
212_2_2,0,0,0,0,0,0,0,20181014,20190714
19_2,0,0,0,0,0,0,0,20181014,20190714
314_2,0,0,0,0,0,0,0,20181014,20190714
MTuWThF-XHol_2,0,0,0,0,0,0,0,20181014,20190714
242_2_2,0,0,0,0,0,0,0,20181014,20190714
302_1_2,0,0,0,0,0,0,0,20181014,20190714
36_1_2,0,0,0,0,0,0,0,20181014,20190714
235_1_2,0,0,0,0,0,0,0,20181014,20190714
302_6_2,0,0,0,0,0,0,0,20181014,20190714
15_2_2,0,0,0,0,0,0,0,20181014,20190714
214_1_2,0,0,0,0,0,0,0,20181014,20190714
901_3_2,0,0,0,0,0,0,0,20181014,20190714
211_3_2,0,0,0,0,0,0,0,20181014,20190714
306_2,0,0,0,0,0,0,0,20181014,20190714
300_2,0,0,0,0,0,0,0,20181014,20190714
407_3_2,0,0,0,0,0,0,0,20181014,20190714
113_2_2,0,0,0,0,0,0,0,20181014,20190714
3222_2,0,0,0,0,0,0,0,20181014,20190714
303_2_2,0,0,0,0,0,0,0,20181014,20190714
306_1_2,0,0,0,0,0,0,0,20181014,20190714
3161_2,0,0,0,0,0,0,0,20181014,20190714
302_2_2,0,0,0,0,0,0,0,20181014,20190714
304_6_2,0,0,0,0,0,0,0,20181014,20190714
418_1_2,0,0,0,0,0,0,0,20181014,20190714
519_1_2,0,0,0,0,0,0,0,20181014,20190714
2_6_2,0,0,0,0,0,0,0,20181014,20190714
420_2,0,0,0,0,0,0,0,20181014,20190714
1111_2,0,0,0,0,0,0,0,20181014,20190714
2042_2,0,0,0,0,0,0,0,20181014,20190714
131_2,0,0,0,0,0,0,0,20181014,20190714
16_1_2,0,0,0,0,0,0,0,20181014,20190714
911_2,0,0,0,0,0,0,0,20181014,20190714
603_3_2,0,0,0,0,0,0,0,20181014,20190714
3122_2,0,0,0,0,0,0,0,20181014,20190714
250_2,0,0,0,0,0,0,0,20181014,20190714
105_2_2,0,0,0,0,0,0,0,20181014,20190714
415_1_2,0,0,0,0,0,0,0,20181014,20190714
218_2_2,0,0,0,0,0,0,0,20181014,20190714
508_1_2,0,0,0,0,0,0,0,20181014,20190714
235_2,0,0,0,0,0,0,0,20181014,20190714
28_2_2,0,0,0,0,0,0,0,20181014,20190714
903_2_2,0,0,0,0,0,0,0,20181014,20190714
117_1_2,0,0,0,0,0,0,0,20181014,20190714
16_2_2,0,0,0,0,0,0,0,20181014,20190714
225_2,0,0,0,0,0,0,0,20181014,20190714
612_2,0,0,0,0,0,0,0,20181014,20190714
301_3_2,0,0,0,0,0,0,0,20181014,20190714
519_2,0,0,0,0,0,0,0,20181014,20190714
210_1_2,0,0,0,0,0,0,0,20181014,20190714
906_2,0,0,0,0,0,0,0,20181014,20190714
3131_2,0,0,0,0,0,0,0,20181014,20190714
3041_2,0,0,0,0,0,0,0,20181014,20190714
215_2,0,0,0,0,0,0,0,20181014,20190714
29_1_2,0,0,0,0,0,0,0,20181014,20190714
900_2_2,0,0,0,0,0,0,0,20181014,20190714
301_6_2,0,0,0,0,0,0,0,20181014,20190714
419_2_2,0,0,0,0,0,0,0,20181014,20190714
4705_2,0,0,0,0,0,0,0,20181014,20190714
7_2_2,0,0,0,0,0,0,0,20181014,20190714
27_2_2,0,0,0,0,0,0,0,20181014,20190714
314_1_2,0,0,0,0,0,0,0,20181014,20190714
514_2_2,0,0,0,0,0,0,0,20181014,20190714
52_1_2,0,0,0,0,0,0,0,20181014,20190714
245_2_2,0,0,0,0,0,0,0,20181014,20190714
901_2_2,0,0,0,0,0,0,0,20181014,20190714
1313_1_2,0,0,0,0,0,0,0,20181014,20190714
40_2,0,0,0,0,0,0,0,20181014,20190714
902_2_2,0,0,0,0,0,0,0,20181014,20190714
222_2,0,0,0,0,0,0,0,20181014,20190714
26_2,0,0,0,0,0,0,0,20181014,20190714
205_2,0,0,0,0,0,0,0,20181014,20190714
217_1_2,0,0,0,0,0,0,0,20181014,20190714
605_2,0,0,0,0,0,0,0,20181014,20190714
310_2,0,0,0,0,0,0,0,20181014,20190714
22_2,0,0,0,0,0,0,0,20181014,20190714
78_2,0,0,0,0,0,0,0,20181014,20190714
107_2_2,0,0,0,0,0,0,0,20181014,20190714
509_2_2,0,0,0,0,0,0,0,20181014,20190714
0101_2,0,0,0,0,0,0,0,20181014,20190714
211_2_2,0,0,0,0,0,0,0,20181014,20190714
406_1_2,0,0,0,0,0,0,0,20181014,20190714
3032_2,0,0,0,0,0,0,0,20181014,20190714
202_2,0,0,0,0,0,0,0,20181014,20190714
2_1_2,0,0,0,0,0,0,0,20181014,20190714
304_3_2,0,0,0,0,0,0,0,20181014,20190714
209_2,0,0,0,0,0,0,0,20181014,20190714
68_2,0,0,0,0,0,0,0,20181014,20190714
601_1_2,0,0,0,0,0,0,0,20181014,20190714
7_2,0,0,0,0,0,0,0,20181014,20190714
107_2,0,0,0,0,0,0,0,20181014,20190714
114_1_2,0,0,0,0,0,0,0,20181014,20190714
238_2_2,0,0,0,0,0,0,0,20181014,20190714
3192_2,0,0,0,0,0,0,0,20181014,20190714
120_1_2,0,0,0,0,0,0,0,20181014,20190714
506_2,0,0,0,0,0,0,0,20181014,20190714
403_2_2,0,0,0,0,0,0,0,20181014,20190714
48_2,0,0,0,0,0,0,0,20181014,20190714
407_2,0,0,0,0,0,0,0,20181014,20190714
60_2,0,0,0,0,0,0,0,20181014,20190714
21_2,0,0,0,0,0,0,0,20181014,20190714
3123_2,0,0,0,0,0,0,0,20181014,20190714
3051_2,0,0,0,0,0,0,0,20181014,20190714
1071_2,0,0,0,0,0,0,0,20181014,20190714
320_2,0,0,0,0,0,0,0,20181014,20190714
413_1_2,0,0,0,0,0,0,0,20181014,20190714
3012_2,0,0,0,0,0,0,0,20181014,20190714
2021_2,0,0,0,0,0,0,0,20181014,20190714
104_2,0,0,0,0,0,0,0,20181014,20190714
58_2,0,0,0,0,0,0,0,20181014,20190714
8_1_2,0,0,0,0,0,0,0,20181014,20190714
420_2_2,0,0,0,0,0,0,0,20181014,20190714
107_1_2,0,0,0,0,0,0,0,20181014,20190714
905_2,0,0,0,0,0,0,0,20181014,20190714
322_1_2,0,0,0,0,0,0,0,20181014,20190714
1001_2,0,0,0,0,0,0,0,20181014,20190714
29_2,0,0,0,0,0,0,0,20181014,20190714
609_2,0,0,0,0,0,0,0,20181014,20190714
67_2,0,0,0,0,0,0,0,20181014,20190714
12_2_2,0,0,0,0,0,0,0,20181014,20190714
239_2,0,0,0,0,0,0,0,20181014,20190714
244_2,0,0,0,0,0,0,0,20181014,20190714
417_2_2,0,0,0,0,0,0,0,20181014,20190714
317_2,0,0,0,0,0,0,0,20181014,20190714
306_3_2,0,0,0,0,0,0,0,20181014,20190714
108_2_2,0,0,0,0,0,0,0,20181014,20190714
301_5_2,0,0,0,0,0,0,0,20181014,20190714
509_2,0,0,0,0,0,0,0,20181014,20190714
28_2,0,0,0,0,0,0,0,20181014,20190714
0707_2,0,0,0,0,0,0,0,20181014,20190714
1_2_2,0,0,0,0,0,0,0,20181014,20190714
121_2,0,0,0,0,0,0,0,20181014,20190714
109_2,0,0,0,0,0,0,0,20181014,20190714
208_2_2,0,0,0,0,0,0,0,20181014,20190714
607_2,0,0,0,0,0,0,0,20181014,20190714
232_1_2,0,0,0,0,0,0,0,20181014,20190714
502_2_2,0,0,0,0,0,0,0,20181014,20190714
909_1_2,0,0,0,0,0,0,0,20181014,20190714
405_2,0,0,0,0,0,0,0,20181014,20190714
2032_2,0,0,0,0,0,0,0,20181014,20190714
1313_2,0,0,0,0,0,0,0,20181014,20190714
241_2,0,0,0,0,0,0,0,20181014,20190714
14_2,0,0,0,0,0,0,0,20181014,20190714
207_1_2,0,0,0,0,0,0,0,20181014,20190714
8_2,0,0,0,0,0,0,0,20181014,20190714
23_2,0,0,0,0,0,0,0,20181014,20190714
112_2,0,0,0,0,0,0,0,20181014,20190714
241_1_2,0,0,0,0,0,0,0,20181014,20190714
10_2,0,0,0,0,0,0,0,20181014,20190714
604_3_2,0,0,0,0,0,0,0,20181014,20190714
323_2,0,0,0,0,0,0,0,20181014,20190714
518_1_2,0,0,0,0,0,0,0,20181014,20190714
106_1_2,0,0,0,0,0,0,0,20181014,20190714
14_1_2,0,0,0,0,0,0,0,20181014,20190714
218_2,0,0,0,0,0,0,0,20181014,20190714
105_2,0,0,0,0,0,0,0,20181014,20190714
2071_2,0,0,0,0,0,0,0,20181014,20190714
504_2,0,0,0,0,0,0,0,20181014,20190714
MTuWThF-XSch_2,0,0,0,0,0,0,0,20181014,20190714
904_2,0,0,0,0,0,0,0,20181014,20190714
212_3_2,0,0,0,0,0,0,0,20181014,20190714
211_2,0,0,0,0,0,0,0,20181014,20190714
140_2,0,0,0,0,0,0,0,20181014,20190714
303_6_2,0,0,0,0,0,0,0,20181014,20190714
405_3_2,0,0,0,0,0,0,0,20181014,20190714
422_2,0,0,0,0,0,0,0,20181014,20190714
513_2,0,0,0,0,0,0,0,20181014,20190714
144_2,0,0,0,0,0,0,0,20181014,20190714
51_2,0,0,0,0,0,0,0,20181014,20190714
16_2,0,0,0,0,0,0,0,20181014,20190714
520_2_2,0,0,0,0,0,0,0,20181014,20190714
114_2,0,0,0,0,0,0,0,20181014,20190714
438_2,0,0,0,0,0,0,0,20181014,20190714
3_1_2,0,0,0,0,0,0,0,20181014,20190714
2101_2,0,0,0,0,0,0,0,20181014,20190714
13_1_2,0,0,0,0,0,0,0,20181014,20190714
22_2_2,0,0,0,0,0,0,0,20181014,20190714
507_1_2,0,0,0,0,0,0,0,20181014,20190714
137_2,0,0,0,0,0,0,0,20181014,20190714
104_3_2,0,0,0,0,0,0,0,20181014,20190714
1418_3_2,0,0,0,0,0,0,0,20181014,20190714
3022_2,0,0,0,0,0,0,0,20181014,20190714
2_2,0,0,0,0,0,0,0,20181014,20190714
133_2,0,0,0,0,0,0,0,20181014,20190714
3_3_2,0,0,0,0,0,0,0,20181014,20190714
132_2,0,0,0,0,0,0,0,20181014,20190714
102_2,0,0,0,0,0,0,0,20181014,20190714
1072_2,0,0,0,0,0,0,0,20181014,20190714
201_2,0,0,0,0,0,0,0,20181014,20190714
19_2_2,0,0,0,0,0,0,0,20181014,20190714
115_1_2,0,0,0,0,0,0,0,20181014,20190714
608_2_2,0,0,0,0,0,0,0,20181014,20190714
246_2,0,0,0,0,0,0,0,20181014,20190714
3062_2,0,0,0,0,0,0,0,20181014,20190714
59_2,0,0,0,0,0,0,0,20181014,20190714
208_3_2,0,0,0,0,0,0,0,20181014,20190714
321_1_2,0,0,0,0,0,0,0,20181014,20190714
15_2,0,0,0,0,0,0,0,20181014,20190714
240_2,0,0,0,0,0,0,0,20181014,20190714
520_1_2,0,0,0,0,0,0,0,20181014,20190714
3031_2,0,0,0,0,0,0,0,20181014,20190714
243_1_2,0,0,0,0,0,0,0,20181014,20190714
27_1_2,0,0,0,0,0,0,0,20181014,20190714
509_3_2,0,0,0,0,0,0,0,20181014,20190714
228_2,0,0,0,0,0,0,0,20181014,20190714
602_2_2,0,0,0,0,0,0,0,20181014,20190714
3291_2,0,0,0,0,0,0,0,20181014,20190714
122_2,0,0,0,0,0,0,0,20181014,20190714
34_1_2,0,0,0,0,0,0,0,20181014,20190714
504_2_2,0,0,0,0,0,0,0,20181014,20190714
505_1_2,0,0,0,0,0,0,0,20181014,20190714
209_2_2,0,0,0,0,0,0,0,20181014,20190714
237_1_2,0,0,0,0,0,0,0,20181014,20190714
138_2,0,0,0,0,0,0,0,20181014,20190714
141_2,0,0,0,0,0,0,0,20181014,20190714
111_1_2,0,0,0,0,0,0,0,20181014,20190714
45_2,0,0,0,0,0,0,0,20181014,20190714
18_1_2,0,0,0,0,0,0,0,20181014,20190714
1062_2,0,0,0,0,0,0,0,20181014,20190714
902_2,0,0,0,0,0,0,0,20181014,20190714
230_1_2,0,0,0,0,0,0,0,20181014,20190714
41_2,0,0,0,0,0,0,0,20181014,20190714
204_1_2,0,0,0,0,0,0,0,20181014,20190714
201_3_2,0,0,0,0,0,0,0,20181014,20190714
151_2,0,0,0,0,0,0,0,20181014,20190714
301_1_2,0,0,0,0,0,0,0,20181014,20190714
301_4_2,0,0,0,0,0,0,0,20181014,20190714
224_2,0,0,0,0,0,0,0,20181014,20190714
1212_1_2,0,0,0,0,0,0,0,20181014,20190714
901_1_2,0,0,0,0,0,0,0,20181014,20190714
1_7_2,0,0,0,0,0,0,0,20181014,20190714
31_2,0,0,0,0,0,0,0,20181014,20190714
313_2,0,0,0,0,0,0,0,20181014,20190714
322_2,0,0,0,0,0,0,0,20181014,20190714
308_2,0,0,0,0,0,0,0,20181014,20190714
308_1_2,0,0,0,0,0,0,0,20181014,20190714
3101_2,0,0,0,0,0,0,0,20181014,20190714
902_1_2,0,0,0,0,0,0,0,20181014,20190714
69_2,0,0,0,0,0,0,0,20181014,20190714
230_2,0,0,0,0,0,0,0,20181014,20190714
207_4_2,0,0,0,0,0,0,0,20181014,20190714
3092_2,0,0,0,0,0,0,0,20181014,20190714
315_2,0,0,0,0,0,0,0,20181014,20190714
4_3_2,0,0,0,0,0,0,0,20181014,20190714
2031_2,0,0,0,0,0,0,0,20181014,20190714
53_1_2,0,0,0,0,0,0,0,20181014,20190714
11_2_2,0,0,0,0,0,0,0,20181014,20190714
3151_2,0,0,0,0,0,0,0,20181014,20190714
440_2,0,0,0,0,0,0,0,20181014,20190714
1002_1_2,0,0,0,0,0,0,0,20181014,20190714
3182_2,0,0,0,0,0,0,0,20181014,20190714
203_4_2,0,0,0,0,0,0,0,20181014,20190714
405_1_2,0,0,0,0,0,0,0,20181014,20190714
406_2,0,0,0,0,0,0,0,20181014,20190714
22_1_2,0,0,0,0,0,0,0,20181014,20190714
115_2,0,0,0,0,0,0,0,20181014,20190714
605_1_2,0,0,0,0,0,0,0,20181014,20190714
Su+Hol_2,0,0,0,0,0,0,0,20181014,20190714
234_1_2,0,0,0,0,0,0,0,20181014,20190714
14_2_2,0,0,0,0,0,0,0,20181014,20190714
1012_2,0,0,0,0,0,0,0,20181014,20190714
309_1_2,0,0,0,0,0,0,0,20181014,20190714
112_2_2,0,0,0,0,0,0,0,20181014,20190714
12_2,0,0,0,0,0,0,0,20181014,20190714
407_1_2,0,0,0,0,0,0,0,20181014,20190714
143_2,0,0,0,0,0,0,0,20181014,20190714
0282_2,0,0,0,0,0,0,0,20181014,20190714
3191_2,0,0,0,0,0,0,0,20181014,20190714
215_1_2,0,0,0,0,0,0,0,20181014,20190714
505_2_2,0,0,0,0,0,0,0,20181014,20190714
103_1_2,0,0,0,0,0,0,0,20181014,20190714
28_1_2,0,0,0,0,0,0,0,20181014,20190714
3072_2,0,0,0,0,0,0,0,20181014,20190714
201_1_2,0,0,0,0,0,0,0,20181014,20190714
0202_2,0,0,0,0,0,0,0,20181014,20190714
3052_2,0,0,0,0,0,0,0,20181014,20190714
26_2_2,0,0,0,0,0,0,0,20181014,20190714
9_2,0,0,0,0,0,0,0,20181014,20190714
401_2_2,0,0,0,0,0,0,0,20181014,20190714
47_2,0,0,0,0,0,0,0,20181014,20190714
116_1_2,0,0,0,0,0,0,0,20181014,20190714
32_2,0,0,0,0,0,0,0,20181014,20190714
117_2,0,0,0,0,0,0,0,20181014,20190714
119_2,0,0,0,0,0,0,0,20181014,20190714
Su+Hol-Xmas_2,0,0,0,0,0,0,0,20181014,20190714
2082_2,0,0,0,0,0,0,0,20181014,20190714
32_2_2,0,0,0,0,0,0,0,20181014,20190714
912_1_2,0,0,0,0,0,0,0,20181014,20190714
30_2,0,0,0,0,0,0,0,20181014,20190714
216_2_2,0,0,0,0,0,0,0,20181014,20190714
205_1_2,0,0,0,0,0,0,0,20181014,20190714
209_3_2,0,0,0,0,0,0,0,20181014,20190714
239_2_2,0,0,0,0,0,0,0,20181014,20190714
404_2,0,0,0,0,0,0,0,20181014,20190714
232_2,0,0,0,0,0,0,0,20181014,20190714
2011_2,0,0,0,0,0,0,0,20181014,20190714
1052_2,0,0,0,0,0,0,0,20181014,20190714
304_5_2,0,0,0,0,0,0,0,20181014,20190714
65_2,0,0,0,0,0,0,0,20181014,20190714
305_2,0,0,0,0,0,0,0,20181014,20190714
506_1_2,0,0,0,0,0,0,0,20181014,20190714
35_1_2,0,0,0,0,0,0,0,20181014,20190714
3_2,0,0,0,0,0,0,0,20181014,20190714
417_2,0,0,0,0,0,0,0,20181014,20190714
30_1_2,0,0,0,0,0,0,0,20181014,20190714
302_5_2,0,0,0,0,0,0,0,20181014,20190714
603_2_2,0,0,0,0,0,0,0,20181014,20190714
21_2_2,0,0,0,0,0,0,0,20181014,20190714
4701_2,0,0,0,0,0,0,0,20181014,20190714
215_2_2,0,0,0,0,0,0,0,20181014,20190714
4703_2,0,0,0,0,0,0,0,20181014,20190714
601_2,0,0,0,0,0,0,0,20181014,20190714
421_1_2,0,0,0,0,0,0,0,20181014,20190714
36_2_2,0,0,0,0,0,0,0,20181014,20190714
0808_2,0,0,0,0,0,0,0,20181014,20190714
142_2,0,0,0,0,0,0,0,20181014,20190714
3_2_2,0,0,0,0,0,0,0,20181014,20190714
206_2_2,0,0,0,0,0,0,0,20181014,20190714
505_2,0,0,0,0,0,0,0,20181014,20190714
3112_2,0,0,0,0,0,0,0,20181014,20190714
204_2,0,0,0,0,0,0,0,20181014,20190714
3111_2,0,0,0,0,0,0,0,20181014,20190714
2_4_2,0,0,0,0,0,0,0,20181014,20190714
0505_2,0,0,0,0,0,0,0,20181014,20190714
37_2,0,0,0,0,0,0,0,20181014,20190714
210_3_2,0,0,0,0,0,0,0,20181014,20190714
4704_2,0,0,0,0,0,0,0,20181014,20190714
101_1_2,0,0,0,0,0,0,0,20181014,20190714
307_2_2,0,0,0,0,0,0,0,20181014,20190714
249_2,0,0,0,0,0,0,0,20181014,20190714
101_3_2,0,0,0,0,0,0,0,20181014,20190714
901_2,0,0,0,0,0,0,0,20181014,20190714
23_2_2,0,0,0,0,0,0,0,20181014,20190714
3181_2,0,0,0,0,0,0,0,20181014,20190714
220_2,0,0,0,0,0,0,0,20181014,20190714
410_2,0,0,0,0,0,0,0,20181014,20190714
503_2_2,0,0,0,0,0,0,0,20181014,20190714
17_1_2,0,0,0,0,0,0,0,20181014,20190714
1001_2_2,0,0,0,0,0,0,0,20181014,20190714
11_2,0,0,0,0,0,0,0,20181014,20190714
305_3_2,0,0,0,0,0,0,0,20181014,20190714
402_2_2,0,0,0,0,0,0,0,20181014,20190714
55_2,0,0,0,0,0,0,0,20181014,20190714
118_2_2,0,0,0,0,0,0,0,20181014,20190714
111_2_2,0,0,0,0,0,0,0,20181014,20190714
44_2,0,0,0,0,0,0,0,20181014,20190714
229_2,0,0,0,0,0,0,0,20181014,20190714
207_2,0,0,0,0,0,0,0,20181014,20190714
402_2,0,0,0,0,0,0,0,20181014,20190714
114_2_2,0,0,0,0,0,0,0,20181014,20190714
19_1_2,0,0,0,0,0,0,0,20181014,20190714
3301_2,0,0,0,0,0,0,0,20181014,20190714
3221_2,0,0,0,0,0,0,0,20181014,20190714
18_2_2,0,0,0,0,0,0,0,20181014,20190714
13_2,0,0,0,0,0,0,0,20181014,20190714
501_1_2,0,0,0,0,0,0,0,20181014,20190714
510_2_2,0,0,0,0,0,0,0,20181014,20190714
404_1_2,0,0,0,0,0,0,0,20181014,20190714
409_2,0,0,0,0,0,0,0,20181014,20190714
416_1_2,0,0,0,0,0,0,0,20181014,20190714
320_1_2,0,0,0,0,0,0,0,20181014,20190714
415_2,0,0,0,0,0,0,0,20181014,20190714
404_3_2,0,0,0,0,0,0,0,20181014,20190714
106_2_2,0,0,0,0,0,0,0,20181014,20190714
212_1_2,0,0,0,0,0,0,0,20181014,20190714
31_3_2,0,0,0,0,0,0,0,20181014,20190714
302_4_2,0,0,0,0,0,0,0,20181014,20190714
149_2,0,0,0,0,0,0,0,20181014,20190714
206_1_2,0,0,0,0,0,0,0,20181014,20190714
510_1_2,0,0,0,0,0,0,0,20181014,20190714
206_3_2,0,0,0,0,0,0,0,20181014,20190714
26_1_2,0,0,0,0,0,0,0,20181014,20190714
36_2,0,0,0,0,0,0,0,20181014,20190714
62_2,0,0,0,0,0,0,0,20181014,20190714
2_5_2,0,0,0,0,0,0,0,20181014,20190714
201_2_2,0,0,0,0,0,0,0,20181014,20190714
20_2_2,0,0,0,0,0,0,0,20181014,20190714
305_1_2,0,0,0,0,0,0,0,20181014,20190714
49_2,0,0,0,0,0,0,0,20181014,20190714
33_3_2,0,0,0,0,0,0,0,20181014,20190714
3202_2,0,0,0,0,0,0,0,20181014,20190714
306_2_2,0,0,0,0,0,0,0,20181014,20190714
606_2,0,0,0,0,0,0,0,20181014,20190714
414_2,0,0,0,0,0,0,0,20181014,20190714
119_1_2,0,0,0,0,0,0,0,20181014,20190714
300_2_2,0,0,0,0,0,0,0,20181014,20190714
23_1_2,0,0,0,0,0,0,0,20181014,20190714
507_2,0,0,0,0,0,0,0,20181014,20190714
2061_2,0,0,0,0,0,0,0,20181014,20190714
223_2,0,0,0,0,0,0,0,20181014,20190714
146_2,0,0,0,0,0,0,0,20181014,20190714
135_2,0,0,0,0,0,0,0,20181014,20190714
4104_2,0,0,0,0,0,0,0,20181014,20190714
213_2_2,0,0,0,0,0,0,0,20181014,20190714
0606_2,0,0,0,0,0,0,0,20181014,20190714
5_2,0,0,0,0,0,0,0,20181014,20190714
F-XHol_2,0,0,0,0,0,0,0,20181014,20190714
1418_2,0,0,0,0,0,0,0,20181014,20190714
218_1_2,0,0,0,0,0,0,0,20181014,20190714
205_2_2,0,0,0,0,0,0,0,20181014,20190714
1212_2,0,0,0,0,0,0,0,20181014,20190714
1051_2,0,0,0,0,0,0,0,20181014,20190714
33_2,0,0,0,0,0,0,0,20181014,20190714
316_1_2,0,0,0,0,0,0,0,20181014,20190714
312_1_2,0,0,0,0,0,0,0,20181014,20190714
25_2,0,0,0,0,0,0,0,20181014,20190714
110_2,0,0,0,0,0,0,0,20181014,20190714
8_2_2,0,0,0,0,0,0,0,20181014,20190714
6_2,0,0,0,0,0,0,0,20181014,20190714
124_2,0,0,0,0,0,0,0,20181014,20190714
412_1_2,0,0,0,0,0,0,0,20181014,20190714
905_1_2,0,0,0,0,0,0,0,20181014,20190714
1292_2,0,0,0,0,0,0,0,20181014,20190714
3081_2,0,0,0,0,0,0,0,20181014,20190714
233_2,0,0,0,0,0,0,0,20181014,20190714
117_2_2,0,0,0,0,0,0,0,20181014,20190714
24_1_2,0,0,0,0,0,0,0,20181014,20190714
404_2_2,0,0,0,0,0,0,0,20181014,20190714
70_2,0,0,0,0,0,0,0,20181014,20190714
307_1_2,0,0,0,0,0,0,0,20181014,20190714
3133_2,0,0,0,0,0,0,0,20181014,20190714
208_2,0,0,0,0,0,0,0,20181014,20190714
102_1_2,0,0,0,0,0,0,0,20181014,20190714
42_2,0,0,0,0,0,0,0,20181014,20190714
1002_2_2,0,0,0,0,0,0,0,20181014,20190714
504_1_2,0,0,0,0,0,0,0,20181014,20190714
54_2,0,0,0,0,0,0,0,20181014,20190714
604_1_2,0,0,0,0,0,0,0,20181014,20190714
3201_2,0,0,0,0,0,0,0,20181014,20190714
24_2,0,0,0,0,0,0,0,20181014,20190714
301_2_2,0,0,0,0,0,0,0,20181014,20190714
421_2,0,0,0,0,0,0,0,20181014,20190714
608_2,0,0,0,0,0,0,0,20181014,20190714
1001_3_2,0,0,0,0,0,0,0,20181014,20190714
245_2,0,0,0,0,0,0,0,20181014,20190714
209_1_2,0,0,0,0,0,0,0,20181014,20190714
204_3_2,0,0,0,0,0,0,0,20181014,20190714
63_2,0,0,0,0,0,0,0,20181014,20190714
27_2,0,0,0,0,0,0,0,20181014,20190714
604_2,0,0,0,0,0,0,0,20181014,20190714
134_2,0,0,0,0,0,0,0,20181014,20190714
216_3_2,0,0,0,0,0,0,0,20181014,20190714
401_1_2,0,0,0,0,0,0,0,20181014,20190714
402_1_2,0,0,0,0,0,0,0,20181014,20190714
3102_2,0,0,0,0,0,0,0,20181014,20190714
15_1_2,0,0,0,0,0,0,0,20181014,20190714
603_1_2,0,0,0,0,0,0,0,20181014,20190714
1021_2,0,0,0,0,0,0,0,20181014,20190714
150_2,0,0,0,0,0,0,0,20181014,20190714
304_2,0,0,0,0,0,0,0,20181014,20190714
913_1_2,0,0,0,0,0,0,0,20181014,20190714
313_2_2,0,0,0,0,0,0,0,20181014,20190714
419_2,0,0,0,0,0,0,0,20181014,20190714
1011_2,0,0,0,0,0,0,0,20181014,20190714
102_2_2,0,0,0,0,0,0,0,20181014,20190714
219_2_2,0,0,0,0,0,0,0,20181014,20190714
604_2_2,0,0,0,0,0,0,0,20181014,20190714
303_1_2,0,0,0,0,0,0,0,20181014,20190714
108_1_2,0,0,0,0,0,0,0,20181014,20190714
219_1_2,0,0,0,0,0,0,0,20181014,20190714
13_2_2,0,0,0,0,0,0,0,20181014,20190714
251_2,0,0,0,0,0,0,0,20181014,20190714
405_2_2,0,0,0,0,0,0,0,20181014,20190714
313_1_2,0,0,0,0,0,0,0,20181014,20190714
113_1_2,0,0,0,0,0,0,0,20181014,20190714
407_2_2,0,0,0,0,0,0,0,20181014,20190714
3171_2,0,0,0,0,0,0,0,20181014,20190714
5_1_2,0,0,0,0,0,0,0,20181014,20190714
702_2,0,0,0,0,0,0,0,20181014,20190714
411_1_2,0,0,0,0,0,0,0,20181014,20190714
52_2,0,0,0,0,0,0,0,20181014,20190714
245_1_2,0,0,0,0,0,0,0,20181014,20190714
242_2,0,0,0,0,0,0,0,20181014,20190714
113_2,0,0,0,0,0,0,0,20181014,20190714
611_2,0,0,0,0,0,0,0,20181014,20190714
136_2,0,0,0,0,0,0,0,20181014,20190714
308_3_2,0,0,0,0,0,0,0,20181014,20190714
115_2_2,0,0,0,0,0,0,0,20181014,20190714
416_2,0,0,0,0,0,0,0,20181014,20190714
139_2,0,0,0,0,0,0,0,20181014,20190714
128_2,0,0,0,0,0,0,0,20181014,20190714
118_1_2,0,0,0,0,0,0,0,20181014,20190714
608_1_2,0,0,0,0,0,0,0,20181014,20190714
0101_1_2,0,0,0,0,0,0,0,20181014,20190714
2062_2,0,0,0,0,0,0,0,20181014,20190714
1_4_2,0,0,0,0,0,0,0,20181014,20190714
238_2,0,0,0,0,0,0,0,20181014,20190714
503_2,0,0,0,0,0,0,0,20181014,20190714
203_2_2,0,0,0,0,0,0,0,20181014,20190714
409_1_2,0,0,0,0,0,0,0,20181014,20190714
50_2,0,0,0,0,0,0,0,20181014,20190714
302_3_2,0,0,0,0,0,0,0,20181014,20190714
305_4_2,0,0,0,0,0,0,0,20181014,20190714
423_1_2,0,0,0,0,0,0,0,20181014,20190714
1414_2,0,0,0,0,0,0,0,20181014,20190714
408_2,0,0,0,0,0,0,0,20181014,20190714
108_2,0,0,0,0,0,0,0,20181014,20190714
210_2,0,0,0,0,0,0,0,20181014,20190714
2081_2,0,0,0,0,0,0,0,20181014,20190714
305_2_2,0,0,0,0,0,0,0,20181014,20190714
903_2,0,0,0,0,0,0,0,20181014,20190714
38_2,0,0,0,0,0,0,0,20181014,20190714
39_2,0,0,0,0,0,0,0,20181014,20190714
516_2,0,0,0,0,0,0,0,20181014,20190714
402_3_2,0,0,0,0,0,0,0,20181014,20190714
205_3_2,0,0,0,0,0,0,0,20181014,20190714
3011_1_2,0,0,0,0,0,0,0,20181014,20190714
311_2_2,0,0,0,0,0,0,0,20181014,20190714
24_2_2,0,0,0,0,0,0,0,20181014,20190714
10_2_2,0,0,0,0,0,0,0,20181014,20190714
3121_2,0,0,0,0,0,0,0,20181014,20190714
3341_2,0,0,0,0,0,0,0,20181014,20190714
1_1_2,0,0,0,0,0,0,0,20181014,20190714
906_2_2,0,0,0,0,0,0,0,20181014,20190714
127_2,0,0,0,0,0,0,0,20181014,20190714
34_2,0,0,0,0,0,0,0,20181014,20190714
406_2_2,0,0,0,0,0,0,0,20181014,20190714
1031_2,0,0,0,0,0,0,0,20181014,20190714
3082_2,0,0,0,0,0,0,0,20181014,20190714
901_4_2,0,0,0,0,0,0,0,20181014,20190714
203_3_2,0,0,0,0,0,0,0,20181014,20190714
